district_id,division_id,total_registered_voters,total_registered_voters_men,total_registered_voters_women,participated,participated_women,participated_men
01,01.01,2511,1037,1474,1511,892,619
01,01.02,1425,584,841,930,575,355
01,01.03,1159,506,653,719,414,305
01,01.04,1537,653,884,925,543,382
01,01.05,1513,655,858,1080,591,489
01,01.06,1407,600,807,872,513,359
01,01.07,1576,665,911,1020,604,416
01,01.08,1499,605,894,959,592,367
01,01.09,1482,623,859,920,546,374
01,01.10,1475,606,869,1025,624,401
01,01.11,2528,1080,1448,1544,873,671
01,01.12,1238,493,745,778,466,312
01,01.13,1163,485,678,781,462,319
01,01.14,1388,600,788,914,532,382
01,01.15,1426,592,834,924,360,564
01,01.16,2461,1065,1396,1674,930,744
01,01.17,2301,987,1314,1472,844,628
01,01.18,1441,617,824,912,540,372
01,01.19,1375,573,802,916,543,373
01,01.20,1434,602,832,1041,606,435
01,01.21,1345,555,790,933,555,378
01,01.22,1529,621,908,1084,671,413
01,01.23,2231,952,1279,1471,841,630
01,01.24,2294,1025,1269,1474,827,647
01,01.25,1679,707,972,1190,708,482
01,01.26,1353,571,782,977,559,418
01,01.27,1325,553,772,935,548,387
01,01.28,1473,598,875,992,609,383
01,01.29,1838,787,1051,1258,709,549
01,01.30,1207,601,606,852,412,440
01,01.31,1437,672,765,1035,534,501
01,01.32,1792,840,952,1249,643,606
01,01.33,1347,587,760,865,473,392
01,01.34,351,187,164,217,96,121
02,02.01,1485,638,847,1101,625,476
02,02.02,1438,625,813,1036,586,450
02,02.03,1614,671,943,1140,670,470
02,02.04,1574,661,913,1138,660,478
02,02.05,1682,715,967,1259,729,530
02,02.06,1345,543,802,989,596,393
02,02.07,1124,501,623,820,462,358
02,02.08,1675,714,961,1120,666,454
02,02.09,1346,589,757,927,541,386
02,02.10,1367,551,816,996,609,387
02,02.11,1325,557,768,973,565,408
02,02.12,1390,588,802,1032,596,436
02,02.13,1577,680,897,1124,630,494
02,02.14,1681,703,978,1206,707,499
02,02.15,1801,788,1013,1251,714,537
02,02.16,1235,512,723,904,540,364
02,02.17,1251,512,739,919,559,360
02,02.18,1578,664,914,1111,654,457
02,02.19,1725,734,991,1014,601,413
02,02.20,1634,687,947,1216,718,498
02,02.21,1557,674,883,1124,636,488
02,02.22,2390,1024,1366,1538,901,637
02,02.23,1210,499,711,890,541,349
02,02.24,1728,742,986,1176,665,511
02,02.25,1688,716,972,1207,702,505
02,02.26,1748,758,990,1103,640,463
02,02.27,2376,1009,1367,1369,814,555
02,02.28,1536,694,842,1043,554,489
02,02.29,1025,472,553,716,363,353
02,02.30,2475,1080,1395,1500,843,657
02,02.31,2069,953,1116,1349,714,635
02,02.32,2544,1155,1389,1719,970,749
02,02.33,1409,598,811,1040,609,431
02,02.34,1409,581,828,970,588,382
02,02.35,1329,562,767,930,545,385
02,02.36,1319,506,813,955,589,366
02,02.37,1600,645,955,1152,525,627
02,02.38,1269,490,779,865,525,340
02,02.39,1588,615,973,1113,698,415
02,02.40,1756,737,1019,1217,709,508
02,02.41,1263,542,721,879,491,388
02,02.42,1299,545,754,874,510,364
02,02.43,1298,526,772,912,555,357
02,02.44,1330,540,790,936,564,372
02,02.45,2148,862,1286,1474,891,583
02,02.46,1691,672,1019,1152,685,467
02,02.47,1436,550,886,946,600,346
02,02.48,1498,626,872,1083,637,446
02,02.49,1287,544,743,850,501,349
02,02.50,2376,958,1418,1553,953,600
02,02.51,2078,863,1215,1452,850,602
02,02.52,1428,596,832,979,556,423
02,02.53,2089,845,1244,1473,866,607
02,02.54,1876,802,1074,1327,762,565
02,02.55,1140,467,673,783,460,323
02,02.56,1369,562,807,950,562,388
02,02.57,1658,742,916,1251,704,547
02,02.58,1666,700,966,1157,677,480
02,02.59,1385,553,832,1041,614,427
02,02.60,1524,659,865,1083,629,454
02,02.61,1368,593,775,935,535,400
02,02.62,2514,1038,1476,1757,1032,725
02,02.63,1353,581,772,941,539,402
02,02.64,711,321,390,409,220,189
02,02.65,1291,564,727,933,528,405
02,02.66,1359,617,742,952,524,428
02,02.67,2468,1065,1403,1796,1024,772
02,02.68,1456,641,815,998,558,440
02,02.69,1728,742,986,1129,645,484
02,02.70,569,283,286,418,211,207
03,03.01,1825,782,1043,1270,742,528
03,03.02,1547,656,891,1084,641,443
03,03.03,1503,640,863,1067,623,444
03,03.04,1311,604,707,919,511,408
03,03.05,1684,688,996,1124,657,467
03,03.06,1661,711,950,1100,647,453
03,03.07,1465,600,865,984,575,409
03,03.08,1373,569,804,977,575,402
03,03.09,1240,527,713,867,516,351
03,03.10,1423,602,821,992,572,420
03,03.11,1192,500,692,834,487,347
03,03.12,1282,504,778,921,564,357
03,03.13,1213,494,719,943,561,382
03,03.14,1279,539,740,926,526,400
03,03.15,1487,618,869,1057,618,439
03,03.16,1486,633,853,923,537,386
03,03.17,1749,738,1011,1135,657,478
03,03.18,1471,645,826,948,557,391
03,03.19,1566,699,867,996,550,446
03,03.20,1295,571,724,811,361,450
03,03.21,1352,552,800,931,562,369
03,03.22,1408,536,872,984,622,362
03,03.23,1429,591,838,994,579,415
03,03.24,1422,644,778,961,534,427
03,03.25,1545,697,848,997,559,438
03,03.26,1432,603,829,999,579,420
03,03.27,1055,466,589,785,438,347
03,03.28,1387,554,833,972,590,382
03,03.29,1320,572,748,876,495,381
03,03.30,1479,590,889,949,586,363
03,03.31,1438,581,857,1056,618,438
03,03.32,1399,571,828,947,572,375
03,03.33,1742,789,953,1162,636,526
03,03.34,1514,640,874,969,543,426
03,03.35,2598,1148,1450,1547,821,726
03,03.36,1403,595,808,997,588,409
03,03.37,2299,952,1347,1613,946,667
03,03.38,1241,544,697,825,485,340
03,03.39,1343,562,781,968,573,395
03,03.40,1430,577,853,993,599,394
03,03.41,1508,648,860,1072,629,443
03,03.42,1510,616,894,1026,606,420
03,03.43,1282,553,729,836,478,358
03,03.44,1526,642,884,1074,625,449
03,03.45,1414,579,835,1026,613,413
03,03.46,1286,545,741,957,548,409
03,03.47,1448,590,858,1002,604,398
03,03.48,1480,602,878,1062,628,434
03,03.49,1443,588,855,1038,623,415
03,03.50,1478,630,848,1111,632,479
03,03.51,1501,642,859,1170,687,483
03,03.52,1305,531,774,795,479,316
03,03.53,1500,664,836,1116,636,480
03,03.54,1342,604,738,1006,548,458
03,03.55,1460,611,849,931,550,381
03,03.56,1540,671,869,973,550,423
03,03.57,1493,627,866,1069,600,469
03,03.58,1536,633,903,1070,624,446
03,03.59,1485,635,850,1020,614,406
03,03.60,1264,541,723,864,508,356
03,03.61,1321,506,815,952,579,373
03,03.62,1716,738,978,1184,683,501
03,03.63,1754,818,936,1113,604,509
03,03.64,3207,1437,1770,1877,1027,850
03,03.65,1008,466,542,706,382,324
03,03.66,1544,711,833,943,479,464
03,03.67,1731,811,920,976,512,464
03,03.68,1885,837,1048,1137,630,507
03,03.69,1415,676,739,900,462,438
03,03.70,1394,672,722,840,414,426
03,03.71,1611,673,938,1033,616,417
03,03.72,3339,1415,1924,2235,1307,928
03,03.73,1718,756,962,1195,682,513
03,03.74,1510,671,839,1049,608,441
03,03.75,1547,636,911,1123,664,459
03,03.76,3215,1398,1817,2146,1211,935
03,03.77,1176,516,660,451,254,197
03,03.78,1338,607,731,869,472,397
03,03.79,1737,734,1003,1125,639,486
03,03.80,1414,601,813,990,585,405
03,03.81,1396,593,803,965,569,396
03,03.82,1402,602,800,945,564,381
03,03.83,1610,719,891,1087,608,479
03,03.84,2091,868,1223,1344,793,551
03,03.85,1369,603,766,889,509,380
03,03.86,1375,611,764,880,493,387
03,03.87,1842,776,1066,1135,653,482
03,03.88,1421,611,810,916,528,388
03,03.89,2558,1130,1428,1730,952,778
03,03.90,1761,775,986,1090,619,471
03,03.91,2605,1184,1421,1610,863,747
04,04.01,1255,510,745,690,433,257
04,04.02,2651,1114,1537,1492,887,605
04,04.03,2462,1017,1445,1298,791,507
04,04.04,2429,1029,1400,1275,718,557
04,04.05,2384,1049,1335,1248,712,536
04,04.06,2331,1013,1318,1330,781,549
04,04.07,1529,710,819,835,441,394
04,04.08,1842,805,1037,1180,661,519
04,04.09,1637,708,929,912,520,392
04,04.10,1556,660,896,1025,567,458
04,04.11,1749,764,985,1128,643,485
04,04.12,1524,640,884,951,553,398
04,04.13,2557,1094,1463,1443,836,607
04,04.14,2665,1194,1471,1442,802,640
04,04.15,1985,876,1109,1114,626,488
04,04.16,1599,685,914,706,394,312
04,04.17,2819,1222,1597,1539,885,654
04,04.18,1354,608,746,796,440,356
04,04.19,1327,605,722,828,468,360
04,04.20,3000,1391,1609,968,405,563
04,04.21,1373,638,735,528,241,287
05,05.01,3146,1379,1767,1561,826,735
05,05.02,3043,1371,1672,1444,726,718
05,05.03,2869,1229,1640,1441,839,602
05,05.04,1555,664,891,851,512,339
05,05.05,1273,529,744,651,402,249
05,05.06,2632,1108,1524,1441,866,575
05,05.07,1578,678,900,859,511,348
05,05.08,1566,668,898,888,508,380
05,05.09,1572,691,881,857,472,385
05,05.10,1562,666,896,904,538,366
05,05.11,2842,1202,1640,1548,957,591
05,05.12,2790,1159,1631,1626,956,670
05,05.13,2693,1137,1556,1428,828,600
05,05.14,1760,766,994,976,553,423
05,05.15,1625,673,952,1033,599,434
05,05.16,1527,658,869,851,485,366
05,05.17,1577,679,898,898,520,378
05,05.18,2683,1118,1565,1447,857,590
05,05.19,1463,631,832,869,489,380
05,05.20,1622,721,901,845,485,360
05,05.21,1449,614,835,855,461,394
05,05.22,1918,822,1096,1085,620,465
05,05.23,1739,735,1004,877,504,373
05,05.24,1709,774,935,896,482,414
05,05.25,2763,1248,1515,1232,689,543
05,05.26,1518,623,895,922,544,378
05,05.27,1781,815,966,937,530,407
05,05.28,1439,647,792,887,479,408
05,05.29,1386,636,750,916,505,411
05,05.30,2210,1012,1198,1224,663,561
05,05.31,3168,1457,1711,1494,788,706
05,05.32,2863,1301,1562,1334,754,580
05,05.33,1285,639,646,638,329,309
05,05.34,3077,1390,1687,1394,765,629
05,05.35,959,425,534,447,231,216
05,05.36,1340,592,748,790,433,357
05,05.37,1219,508,711,702,416,286
05,05.38,1649,746,903,1009,582,427
05,05.39,2551,1060,1491,1277,757,520
05,05.40,2319,1026,1293,1347,659,688
05,05.41,1892,767,1125,958,562,396
05,05.42,2929,1265,1664,1662,925,737
05,05.43,2560,1101,1459,1465,850,615
05,05.44,1706,742,964,1029,586,443
05,05.45,1363,571,792,757,427,330
05,05.46,2983,1304,1679,1563,887,676
05,05.47,1205,480,725,748,446,302
05,05.48,1333,565,768,712,407,305
05,05.49,1496,624,872,896,521,375
05,05.50,1337,611,726,758,415,343
05,05.51,3116,1361,1755,1675,912,763
05,05.52,2979,1301,1678,1560,891,669
05,05.53,2807,1245,1562,1486,826,660
05,05.54,2999,1325,1674,1762,974,788
05,05.55,2457,1076,1381,1379,783,596
05,05.56,1706,740,966,972,550,422
05,05.57,2820,1259,1561,1609,709,900
06,06.01,2232,947,1285,1256,731,525
06,06.02,2475,1084,1391,1365,577,788
06,06.03,2303,992,1311,1283,746,537
06,06.04,2318,1034,1284,1359,753,606
06,06.05,2444,1049,1395,1370,796,574
06,06.06,1283,563,720,782,453,329
06,06.07,2619,1119,1500,1509,884,625
06,06.08,2252,967,1285,1344,770,574
06,06.09,1623,724,899,919,510,409
06,06.10,1384,617,767,791,443,348
06,06.11,2710,1163,1547,1542,895,647
06,06.12,2578,1136,1442,1436,828,608
06,06.13,2583,1100,1483,1491,857,634
06,06.14,2258,952,1306,1329,772,557
06,06.15,2661,1146,1515,1577,891,686
06,06.16,2683,1134,1549,1547,895,652
06,06.17,2849,1192,1657,1661,967,694
06,06.18,2347,985,1362,1202,705,497
06,06.19,2104,867,1237,1057,639,418
06,06.20,2541,1086,1455,1425,848,577
06,06.21,1389,578,811,831,487,344
06,06.22,1131,486,645,699,396,303
06,06.23,3236,1365,1871,1667,974,693
06,06.24,2563,1129,1434,1325,742,583
06,06.25,2336,979,1357,1302,758,544
06,06.26,2554,1055,1499,1326,800,526
06,06.27,1872,839,1033,948,535,413
06,06.28,1200,507,693,309,179,130
06,06.29,2803,1193,1610,1465,865,600
06,06.30,2701,1138,1563,1453,854,599
06,06.31,3254,1447,1807,1738,943,795
06,06.32,2780,1161,1619,1431,844,587
06,06.33,2578,1089,1489,1389,815,574
06,06.34,1341,588,753,747,413,334
06,06.35,1358,620,738,792,430,362
06,06.36,1595,714,881,857,474,383
06,06.37,2251,1010,1241,1218,557,661
06,06.38,2920,1291,1629,1553,876,677
06,06.39,2404,1078,1326,1279,706,573
06,06.40,2893,1278,1615,1392,742,650
06,06.41,2851,1267,1584,1395,769,626
06,06.42,2308,1048,1260,1238,682,556
06,06.43,552,261,291,346,176,170
06,06.44,2625,1222,1403,1573,815,758
06,06.45,1948,886,1062,1316,687,629
06,06.46,1129,557,572,641,320,321
06,06.47,1041,480,561,516,279,237
06,06.48,2836,1279,1557,1835,755,1080
06,06.49,1375,633,742,577,294,283
06,06.50,1350,592,758,1058,378,680
06,06.51,2131,960,1171,1050,584,466
06,06.52,2943,1274,1669,1429,840,589
06,06.53,2692,1174,1518,1399,802,597
06,06.54,1813,794,1019,806,458,348
06,06.55,1437,650,787,674,379,295
06,06.56,1491,673,818,848,740,108
06,06.57,1638,733,905,789,436,353
06,06.58,2478,1078,1400,1397,794,603
06,06.59,1937,865,1072,1221,673,548
06,06.60,1215,538,677,657,354,303
06,06.61,1210,531,679,766,437,329
06,06.62,1375,599,776,868,494,374
06,06.63,2539,1111,1428,1479,832,647
06,06.64,1185,527,658,626,368,258
06,06.65,1444,674,770,767,424,343
06,06.66,2629,1085,1544,1506,891,615
06,06.67,2073,902,1171,1184,663,521
06,06.68,2165,940,1225,1228,699,529
06,06.69,979,422,557,591,340,251
06,06.70,1450,586,864,825,518,307
06,06.71,1590,647,943,956,591,365
06,06.72,2368,1079,1289,1284,699,585
07,07.01,1303,555,748,863,511,352
07,07.02,1379,609,770,860,481,379
07,07.03,1252,527,725,717,408,309
07,07.04,1507,630,877,915,533,382
07,07.05,1268,583,685,613,329,284
07,07.06,1483,649,834,854,457,397
07,07.07,1510,596,914,954,581,373
07,07.08,1422,614,808,851,490,361
07,07.09,1467,608,859,897,526,371
07,07.10,2353,976,1377,1495,861,634
07,07.11,1528,628,900,900,555,345
07,07.12,2376,998,1378,1520,907,613
07,07.13,1967,840,1127,1162,694,468
07,07.14,2584,1086,1498,1590,944,646
07,07.15,1571,671,900,992,583,409
07,07.16,1527,690,837,956,503,453
07,07.17,1609,680,929,965,564,401
07,07.18,1608,719,889,977,561,416
07,07.19,2289,963,1326,1324,752,572
07,07.20,1597,689,908,833,481,352
07,07.21,1538,681,857,958,556,402
07,07.22,1426,613,813,840,491,349
07,07.23,2803,1171,1632,1591,927,664
07,07.24,1623,676,947,1021,604,417
07,07.25,2718,1132,1586,1736,1013,723
07,07.26,1943,807,1136,1291,738,553
07,07.27,2044,882,1162,1241,728,513
07,07.28,1196,498,698,816,476,340
07,07.29,1361,577,784,827,489,338
07,07.30,1238,542,696,774,427,347
07,07.31,1593,673,920,953,574,379
07,07.32,1439,654,785,856,467,389
07,07.33,1523,612,911,922,558,364
07,07.34,1400,599,801,880,510,370
07,07.35,1367,579,788,817,463,354
07,07.36,1065,440,625,673,383,290
07,07.37,1354,574,780,829,489,340
07,07.38,1313,519,794,762,477,285
07,07.39,1937,898,1039,1278,686,592
07,07.40,1368,627,741,768,403,365
07,07.41,1384,623,761,828,461,367
08,08.01,1441,610,831,882,514,368
08,08.02,1200,524,676,837,471,366
08,08.03,1518,636,882,989,599,390
08,08.04,1221,513,708,829,488,341
08,08.05,1259,536,723,819,463,356
08,08.06,1422,652,770,947,515,432
08,08.07,1183,479,704,802,480,322
08,08.08,1225,524,701,773,436,337
08,08.09,1680,720,960,1108,642,466
08,08.10,678,256,422,460,295,165
08,08.11,2172,922,1250,1410,832,578
08,08.12,2397,984,1413,1534,925,609
08,08.13,1112,459,653,738,443,295
08,08.14,1081,446,635,728,428,300
08,08.15,2285,975,1310,1360,804,556
08,08.16,1509,653,856,917,534,383
08,08.17,1575,672,903,1002,567,435
08,08.18,1706,742,964,1064,609,455
08,08.19,1615,693,922,1068,607,461
08,08.20,1737,734,1003,1207,705,502
08,08.21,1094,444,650,702,419,283
08,08.22,1498,619,879,1033,586,447
08,08.23,1336,556,780,916,524,392
08,08.24,1291,514,777,890,533,357
08,08.25,1110,460,650,755,439,316
08,08.26,2282,958,1324,1557,913,644
08,08.27,2297,970,1327,1537,907,630
08,08.28,1146,453,693,820,503,317
08,08.29,1710,702,1008,1159,689,470
08,08.30,1737,695,1042,1198,726,472
08,08.31,1301,563,738,855,483,372
08,08.32,2226,883,1343,1530,912,618
08,08.33,809,353,456,635,379,256
08,08.34,1139,469,670,827,509,318
08,08.35,2276,948,1328,1493,865,628
08,08.36,1128,450,678,836,505,331
08,08.37,1404,576,828,953,571,382
08,08.38,2293,947,1346,1545,907,638
08,08.39,1873,811,1062,1249,719,530
08,08.40,1751,765,986,1126,629,497
09,09.01,2705,1264,1441,1282,652,630
09,09.02,2559,1179,1380,1486,774,712
09,09.03,2610,1167,1443,1510,806,704
09,09.04,2829,1243,1586,1600,911,689
09,09.05,2488,1171,1317,1307,689,618
09,09.06,1313,601,712,747,418,329
09,09.07,1481,690,791,957,519,438
09,09.08,1412,618,794,914,501,413
09,09.09,1496,672,824,864,467,397
09,09.10,1481,615,866,877,527,350
09,09.11,1510,685,825,872,491,381
09,09.12,1416,591,825,872,512,360
09,09.13,1485,611,874,932,550,382
09,09.14,1467,634,833,996,564,432
09,09.15,1447,636,811,947,521,426
09,09.16,1432,584,848,931,550,381
09,09.17,1132,478,654,781,462,319
09,09.18,1408,657,751,873,456,417
09,09.19,1315,553,762,769,462,307
09,09.20,1302,569,733,870,497,373
09,09.21,1347,594,753,783,444,339
09,09.22,2276,1015,1261,1377,769,608
09,09.23,1220,524,696,724,418,306
09,09.24,1409,630,779,863,497,366
09,09.25,1395,611,784,753,430,323
09,09.26,1364,600,764,863,490,373
09,09.27,1288,538,750,769,453,316
09,09.28,1220,517,703,775,442,333
09,09.29,2943,1321,1622,1465,796,669
09,09.30,1455,658,797,815,457,358
09,09.31,1110,473,637,684,403,281
09,09.32,1428,611,817,836,482,354
09,09.33,1489,635,854,875,485,390
09,09.34,1429,649,780,821,452,369
09,09.35,1520,676,844,840,463,377
09,09.36,1635,750,885,938,511,427
09,09.37,1366,567,799,831,483,348
09,09.38,3241,1326,1915,2014,1187,827
09,09.39,2618,1141,1477,1508,861,647
09,09.40,1274,554,720,750,430,320
09,09.41,1047,474,573,545,297,248
09,09.42,1294,572,722,843,487,356
09,09.43,1274,523,751,850,485,365
09,09.44,1391,596,795,872,484,388
09,09.45,1474,636,838,978,559,419
09,09.46,1480,637,843,987,552,435
09,09.47,1471,651,820,881,511,370
09,09.48,1486,658,828,862,460,402
09,09.49,1270,566,704,779,432,347
09,09.50,1248,541,707,787,456,331
09,09.51,1430,607,823,878,504,374
09,09.52,2434,976,1458,1561,947,614
09,09.53,1125,513,612,614,335,279
09,09.54,1296,580,716,867,498,369
09,09.55,1446,625,821,859,488,371
09,09.56,2520,1043,1477,1421,836,585
09,09.57,1500,670,830,868,485,383
09,09.58,1502,665,837,928,537,391
09,09.59,2733,1235,1498,1659,913,746
09,09.60,1412,671,741,819,435,384
09,09.61,1543,658,885,1010,593,417
09,09.62,1288,543,745,759,437,322
09,09.63,1440,614,826,863,505,358
09,09.64,1418,627,791,736,421,315
09,09.65,1467,639,828,978,549,429
09,09.66,1371,581,790,792,467,325
09,09.67,1394,596,798,861,490,371
09,09.68,1535,645,890,863,507,356
09,09.69,1558,693,865,956,532,424
09,09.70,1384,588,796,828,470,358
09,09.71,1448,612,836,887,501,386
09,09.72,2556,1114,1442,1399,827,572
09,09.73,1620,672,948,938,551,387
09,09.74,1349,576,773,835,476,359
09,09.75,1324,539,785,767,443,324
09,09.76,1768,802,966,1038,561,477
09,09.77,2524,1064,1460,1521,897,624
09,09.78,2374,1024,1350,1430,829,601
09,09.79,2654,1122,1532,1501,893,608
09,09.80,2538,1061,1477,1512,870,642
09,09.81,2614,1181,1433,1525,806,719
10,10.01,1648,707,941,974,560,414
10,10.02,1609,734,875,911,490,421
10,10.03,1553,676,877,843,479,364
10,10.04,2255,1046,1209,1220,660,560
10,10.05,1542,719,823,883,465,418
10,10.06,3006,1344,1662,1703,931,772
10,10.07,2705,1191,1514,1484,834,650
10,10.08,2876,1312,1564,1562,815,747
10,10.09,3104,1359,1745,1758,973,785
10,10.10,1452,618,834,917,541,376
10,10.11,1297,581,716,826,459,367
10,10.12,1320,568,752,737,407,330
10,10.13,1291,567,724,775,420,355
10,10.14,731,333,398,412,229,183
10,10.15,2151,937,1214,1267,704,563
10,10.16,3053,1384,1669,1651,903,748
10,10.17,2429,1059,1370,1430,836,594
10,10.18,2296,1123,1173,1213,620,593
10,10.19,2998,1218,1780,1692,1000,692
10,10.20,1662,690,972,955,557,398
10,10.21,3234,1401,1833,1787,1028,759
10,10.22,1511,645,866,918,528,390
10,10.23,2853,1252,1601,1612,910,702
10,10.24,1318,590,728,732,404,328
10,10.25,1433,591,842,778,460,318
10,10.26,1250,528,722,755,432,323
10,10.27,2596,1119,1477,1389,793,596
10,10.28,2554,1096,1458,1499,875,624
10,10.29,1500,680,820,870,452,418
10,10.30,3257,1466,1791,1636,900,736
10,10.31,2396,1061,1335,1349,767,582
10,10.32,1120,448,672,606,376,230
10,10.33,2916,1228,1688,1612,961,651
10,10.34,2532,1081,1451,1427,842,585
10,10.35,1494,642,852,878,515,363
10,10.36,1408,613,795,838,485,353
10,10.37,2153,890,1263,1270,741,529
10,10.38,1645,773,872,971,518,453
10,10.39,2057,922,1135,1053,591,462
10,10.40,1675,844,831,803,481,322
10,10.41,1504,659,845,799,448,351
10,10.42,1541,688,853,871,482,389
10,10.43,1343,559,784,787,304,483
10,10.44,2599,1106,1493,1485,854,631
10,10.45,2685,1148,1537,1526,904,622
10,10.46,1478,657,821,897,511,386
10,10.47,1805,805,1000,1102,611,491
10,10.48,1559,694,865,922,512,410
10,10.49,1383,618,765,851,465,386
10,10.50,1488,619,869,928,542,386
10,10.51,2564,1107,1457,1496,867,629
10,10.52,2370,1001,1369,1440,823,617
10,10.53,2803,1191,1612,1565,906,659
10,10.54,2227,973,1254,1288,744,544
10,10.55,1821,755,1066,1057,629,428
10,10.56,1231,531,700,691,380,311
10,10.57,1168,499,669,696,399,297
10,10.58,965,450,515,554,290,264
10,10.59,1275,561,714,765,429,336
10,10.60,1676,667,1009,964,605,359
10,10.61,2640,1131,1509,1419,813,606
10,10.62,2554,1079,1475,1575,918,657
10,10.63,1464,616,848,866,504,362
10,10.64,2374,973,1401,1514,910,604
10,10.65,2691,1145,1546,1605,920,685
10,10.66,1576,701,875,950,534,416
10,10.67,2417,1032,1385,1533,858,675
10,10.68,1272,560,712,797,437,360
10,10.69,2128,914,1214,1203,674,529
10,10.70,1520,696,824,922,510,412
10,10.71,1409,609,800,839,480,359
10,10.72,2579,1118,1461,1570,890,680
10,10.73,2338,1036,1302,1424,798,626
10,10.74,2458,1097,1361,1361,766,595
10,10.75,3287,1463,1824,1865,1029,836
10,10.76,0,,,407,46,361
10,10.77,0,,,132,7,125
11,11.01,1830,855,975,1165,537,628
11,11.02,685,325,360,431,218,213
11,11.03,2186,1010,1176,1406,716,690
11,11.04,1727,828,899,1117,538,579
11,11.05,1396,665,731,837,426,411
11,11.06,1844,831,1013,1004,537,467
11,11.07,873,441,432,512,238,274
11,11.08,340,176,164,233,112,121
11,11.09,501,229,272,382,189,193
11,11.10,1223,597,626,731,356,375
11,11.11,2247,1112,1135,1328,620,708
11,11.12,608,296,312,394,175,219
11,11.13,1545,756,789,992,493,499
11,11.14,2012,1008,1004,1532,718,814
11,11.15,97,45,52,77,43,34
11,11.16,807,383,424,567,278,289
11,11.17,2275,1166,1109,1361,600,761
11,11.18,758,384,374,549,254,295
11,11.19,698,367,331,562,241,321
11,11.20,1201,589,612,775,355,420
11,11.21,1233,637,596,759,347,412
11,11.22,329,177,152,272,126,146
11,11.23,881,461,420,608,250,358
11,11.24,1166,562,604,904,475,429
11,11.25,473,240,233,352,162,190
11,11.26,377,192,185,295,134,161
11,11.27,651,323,328,456,272,184
11,11.28,1195,616,579,340,149,191
11,11.29,1167,600,567,369,130,239
11,11.30,1109,561,548,487,199,288
11,11.31,1184,612,572,467,177,290
11,11.32,1252,648,604,561,221,340
11,11.33,930,483,447,365,135,230
11,11.34,1450,754,696,464,156,308
11,11.35,1445,758,687,494,162,332
11,11.36,1421,735,686,420,144,276
11,11.37,1118,562,556,347,147,200
11,11.38,1603,818,785,484,251,233
11,11.39,1559,796,763,499,232,267
11,11.40,1075,564,511,426,171,255
12,12.01,1176,521,655,781,432,349
12,12.02,2127,978,1149,1347,716,631
12,12.03,1959,896,1063,1229,620,609
12,12.04,1360,604,756,822,429,393
12,12.05,959,443,516,591,320,271
12,12.06,1532,748,784,1059,486,573
12,12.07,1909,960,949,1219,526,693
12,12.08,2106,1064,1042,1280,623,657
12,12.09,1366,664,702,722,344,378
12,12.10,1359,673,686,811,381,430
12,12.11,848,408,440,634,297,337
12,12.12,359,176,183,250,134,116
12,12.13,79,42,37,56,26,30
12,12.14,1376,656,720,906,483,423
12,12.15,1292,649,643,781,377,404
12,12.16,1349,656,693,838,434,404
12,12.17,1220,593,627,796,381,415
12,12.18,1025,492,533,657,343,314
12,12.19,764,388,376,582,269,313
12,12.20,1315,672,643,844,386,458
12,12.21,1113,537,576,709,335,374
12,12.22,240,111,129,132,67,65
12,12.23,2210,1049,1161,1413,730,683
12,12.24,1043,508,535,705,339,366
12,12.25,1525,759,766,1081,492,589
12,12.26,939,498,441,657,283,374
12,12.27,1363,673,690,874,429,445
12,12.28,1393,677,716,862,412,450
12,12.29,969,488,481,670,324,346
12,12.30,1308,614,694,919,460,459
12,12.31,987,488,499,663,313,350
12,12.32,1186,580,606,740,353,387
12,12.33,1286,644,642,745,322,423
12,12.34,1048,527,521,641,283,358
12,12.35,742,367,375,513,239,274
12,12.36,1031,514,517,738,335,403
12,12.37,1111,522,589,762,351,411
12,12.38,734,356,378,575,268,307
12,12.39,625,305,320,445,201,244
12,12.40,1106,546,560,722,325,397
12,12.41,437,216,221,335,156,179
12,12.42,1137,584,553,887,421,466
12,12.43,454,239,215,352,157,195
12,12.44,383,193,190,298,151,147
13,13.01,1594,733,861,1068,572,496
13,13.02,1797,896,901,1063,504,559
13,13.03,1800,904,896,1176,578,598
13,13.04,983,501,482,566,281,285
13,13.05,2002,953,1049,1217,636,581
13,13.06,1877,884,993,1031,566,465
13,13.07,1199,567,632,771,406,365
13,13.08,1234,604,630,799,398,401
13,13.09,1236,611,625,779,351,428
13,13.10,1275,624,651,825,424,401
13,13.11,1933,958,975,1338,661,677
13,13.12,240,125,115,161,57,104
13,13.13,1631,779,852,1092,548,544
13,13.14,684,334,350,433,199,234
13,13.15,299,142,157,215,110,105
13,13.16,190,83,107,170,85,85
13,13.17,780,400,380,560,367,193
13,13.18,569,262,307,399,188,211
13,13.19,1417,667,750,1053,549,504
13,13.20,610,285,325,451,223,228
13,13.21,488,212,276,360,195,165
13,13.22,238,110,128,174,83,91
13,13.23,1388,705,683,980,454,526
13,13.24,496,233,263,324,172,152
13,13.25,1989,1033,956,1236,571,665
14,14.01,1269,553,716,784,440,344
14,14.02,2113,964,1149,1290,686,604
14,14.03,1228,563,665,817,415,402
14,14.04,1192,561,631,751,362,389
14,14.05,846,425,421,588,274,314
14,14.06,894,437,457,611,292,319
14,14.07,430,191,239,334,149,185
14,14.08,1046,510,536,699,357,342
14,14.09,815,394,421,574,280,294
14,14.10,1013,485,528,565,296,269
14,14.11,1857,861,996,1079,562,517
14,14.12,1685,811,874,1133,573,560
14,14.13,966,489,477,525,246,279
14,14.14,807,379,428,434,195,239
14,14.15,977,486,491,562,206,356
14,14.16,532,277,255,305,128,177
14,14.17,769,406,363,453,181,272
14,14.18,1086,559,527,620,255,365
14,14.19,483,248,235,337,143,194
14,14.20,344,173,171,250,114,136
15,15.01,1401,649,752,811,425,386
15,15.02,1289,560,729,792,428,364
15,15.03,699,342,357,505,226,279
15,15.04,1747,849,898,1057,484,573
15,15.05,1882,960,922,1088,471,617
15,15.06,1747,870,877,1150,498,652
15,15.07,726,360,366,491,234,257
15,15.08,1222,591,631,856,418,438
15,15.09,819,407,412,444,196,248
15,15.10,514,259,255,334,158,176
15,15.11,1015,547,468,660,264,396
15,15.12,2616,1344,1272,1502,673,829
15,15.13,1414,725,689,890,406,484
15,15.14,679,341,338,435,205,230
15,15.15,1678,839,839,509,151,358
15,15.16,2468,1279,1189,998,336,662
15,15.17,1927,953,974,673,286,387
15,15.18,2182,1067,1115,678,265,413
15,15.19,1414,694,720,582,234,348
15,15.20,316,163,153,170,75,95
15,15.21,804,388,416,563,271,292
15,15.22,1575,815,760,981,443,538
15,15.23,1318,656,662,885,385,500
15,15.24,473,221,252,350,175,175
15,15.25,745,399,346,500,220,280
15,15.26,717,354,363,468,207,261
15,15.27,841,441,400,560,256,304
15,15.28,893,472,421,664,353,311
15,15.29,395,195,200,259,128,131
15,15.30,1291,596,695,786,399,387
15,15.31,1542,694,848,915,488,427
16,16.01,1267,612,655,825,413,412
16,16.02,1280,621,659,852,389,463
16,16.03,1139,547,592,744,364,380
16,16.04,1260,590,670,849,446,403
16,16.05,1186,556,630,744,376,368
16,16.06,1331,605,726,782,396,386
16,16.07,675,336,339,453,215,238
16,16.08,640,309,331,453,199,254
16,16.09,1420,704,716,882,431,451
16,16.10,1428,701,727,848,408,440
16,16.11,1188,596,592,698,329,369
16,16.12,270,123,147,249,109,140
16,16.13,317,103,214,192,136,56
16,16.14,283,149,134,184,84,100
16,16.15,1760,890,870,1084,492,592
16,16.16,418,186,232,306,178,128
16,16.17,357,169,188,177,99,78
16,16.18,436,216,220,301,147,154
16,16.19,772,387,385,452,202,250
16,16.20,1479,759,720,984,428,556
16,16.21,1019,511,508,720,349,371
16,16.22,1342,643,699,812,401,411
16,16.23,1136,574,562,729,316,413
16,16.24,1148,593,555,753,359,394
16,16.25,1249,623,626,837,391,446
16,16.26,1067,537,530,662,310,352
16,16.27,449,231,218,280,117,163
16,16.28,740,382,358,497,217,280
16,16.29,281,153,128,229,105,124
17,17.01,1429,638,791,953,502,451
17,17.02,1240,533,707,799,450,349
17,17.03,901,399,502,624,344,280
17,17.04,1347,625,722,831,433,398
17,17.05,1636,701,935,1015,575,440
17,17.06,2316,1001,1315,1354,762,592
17,17.07,1952,873,1079,1198,647,551
17,17.08,1472,605,867,910,501,409
17,17.09,2291,915,1376,1298,775,523
17,17.10,1473,665,808,863,455,408
17,17.11,1096,452,644,678,404,274
17,17.12,1520,698,822,945,513,432
17,17.13,1610,814,796,982,462,520
17,17.14,833,405,428,563,280,283
17,17.15,923,448,475,632,310,322
17,17.16,1121,547,574,691,332,359
17,17.17,964,474,490,633,292,341
17,17.18,1407,664,743,889,426,463
17,17.19,1850,939,911,1102,499,603
17,17.20,1699,821,878,1106,548,558
17,17.21,455,218,237,297,148,149
17,17.22,1870,876,994,1214,584,630
17,17.23,1959,941,1018,1232,618,614
17,17.24,1332,635,697,840,403,437
17,17.25,306,145,161,184,87,97
17,17.26,941,470,471,672,331,341
17,17.27,1181,590,591,783,371,412
17,17.28,1176,575,601,783,389,394
17,17.29,1544,768,776,636,226,410
17,17.30,1621,770,851,556,234,322
17,17.31,1746,808,938,559,198,361
17,17.32,1691,823,868,666,290,376
17,17.33,2276,1121,1155,1380,840,540
17,17.34,1828,914,914,1182,712,470
17,17.35,813,409,404,509,232,277
17,17.36,1012,478,534,593,294,299
17,17.37,628,310,318,351,164,187
17,17.38,668,324,344,474,217,257
17,17.39,784,408,376,482,234,248
17,17.40,89,36,53,70,37,33
17,17.41,1466,735,731,865,426,439
17,17.42,106,55,51,69,26,43
17,17.43,478,231,247,311,175,136
18,18.01,1433,665,768,941,460,481
18,18.02,1448,653,795,798,403,395
18,18.03,2331,1097,1234,1293,596,697
18,18.04,2363,1105,1258,949,531,418
18,18.05,2230,1076,1154,1158,647,511
18,18.06,1143,530,613,575,311,264
18,18.07,467,204,263,230,138,92
18,18.08,1291,631,660,774,352,422
18,18.09,290,145,145,132,80,52
18,18.10,1403,727,676,819,370,449
18,18.11,1212,594,618,674,314,360
18,18.12,803,402,401,484,218,266
18,18.13,288,186,102,183,70,113
18,18.14,1011,513,498,667,292,375
18,18.15,363,196,167,259,117,142
18,18.16,1081,522,559,595,289,306
18,18.17,2470,1169,1301,1324,657,667
18,18.18,1988,956,1032,1081,485,596
18,18.19,488,242,246,286,143,143
18,18.20,278,158,120,183,88,95
18,18.21,1370,655,715,593,348,245
18,18.22,848,395,453,344,186,158
18,18.23,1446,675,771,795,417,378
18,18.24,1441,727,714,847,382,465
19,19.01,1135,533,602,629,294,335
19,19.02,1135,540,595,665,305,360
19,19.03,428,200,228,303,151,152
19,19.04,248,124,124,157,71,86
19,19.05,273,141,132,152,65,87
19,19.06,181,87,94,127,50,77
19,19.07,107,64,43,79,27,52
19,19.08,549,265,284,345,135,210
19,19.09,622,323,299,316,142,174
19,19.10,220,119,101,132,48,84
19,19.11,777,422,355,463,193,270
19,19.12,881,441,440,517,222,295
19,19.13,293,144,149,233,99,134
19,19.14,326,185,141,206,94,112
19,19.15,373,194,179,248,89,159
19,19.16,559,267,292,322,163,159
19,19.17,749,386,363,513,240,273
19,19.18,236,119,117,137,65,72
19,19.19,775,390,385,494,233,261
19,19.20,930,418,512,529,255,274
20,20.01,1983,902,1081,1262,702,560
20,20.02,1387,691,696,728,395,333
20,20.03,1612,717,895,970,516,454
20,20.04,2132,953,1179,1334,746,588
20,20.05,1414,617,797,931,528,403
20,20.06,1419,644,775,916,507,409
20,20.07,1436,663,773,905,496,409
20,20.08,1360,601,759,786,341,445
20,20.09,1203,514,689,773,440,333
20,20.10,3165,1381,1784,1645,951,694
20,20.11,2613,1128,1485,1505,853,652
20,20.12,1700,750,950,900,521,379
20,20.13,1705,812,893,954,483,471
20,20.14,1665,772,893,946,498,448
20,20.15,1054,473,581,633,343,290
20,20.16,2092,943,1149,1268,704,564
20,20.17,2034,945,1089,1178,650,528
20,20.18,1249,536,713,764,432,332
20,20.19,1297,566,731,787,449,338
20,20.20,1343,604,739,743,407,336
20,20.21,1532,696,836,915,513,402
20,20.22,1293,561,732,771,443,328
20,20.23,2214,972,1242,1255,717,538
20,20.24,2243,900,1343,1332,769,563
20,20.25,2572,1137,1435,1338,742,596
20,20.26,1159,496,663,652,363,289
20,20.27,1401,617,784,850,456,394
20,20.28,1123,504,619,651,354,297
20,20.29,2961,1357,1604,1663,915,748
20,20.30,2805,1273,1532,1532,847,685
20,20.31,2430,1098,1332,1341,744,597
20,20.32,1225,568,657,692,366,326
20,20.33,1659,755,904,883,443,440
20,20.34,2483,1110,1373,1324,737,587
20,20.35,2177,992,1185,1246,676,570
20,20.36,2639,1225,1414,1520,853,667
20,20.37,2426,1096,1330,1359,759,600
20,20.38,2746,1284,1462,1562,810,752
20,20.39,1306,604,702,766,421,345
20,20.40,2272,1059,1213,1340,734,606
20,20.41,949,440,509,623,331,292
20,20.42,1444,629,815,812,462,350
20,20.43,1307,585,722,805,417,388
20,20.44,1301,589,712,778,423,355
20,20.45,1597,690,907,870,481,389
20,20.46,2237,970,1267,1325,746,579
20,20.47,2281,991,1290,1298,749,549
20,20.48,2511,1132,1379,1479,809,670
20,20.49,2611,1163,1448,1495,813,682
20,20.50,2541,1149,1392,1320,703,617
20,20.51,2130,947,1183,1352,738,614
20,20.52,2449,1101,1348,1487,802,685
20,20.53,1303,585,718,729,409,320
20,20.54,1270,581,689,754,421,333
20,20.55,1295,562,733,774,441,333
20,20.56,2149,967,1182,1260,699,561
20,20.57,2406,1060,1346,1371,764,607
20,20.58,0,,,215,25,190
20,20.59,0,,,132,20,112
20,20.60,0,,,95,14,81
20,20.61,0,,,244,163,81
21,21.01,2730,1332,1398,878,382,496
21,21.02,2290,1108,1182,786,382,404
21,21.03,2314,988,1326,807,447,360
21,21.04,2767,1286,1481,965,466,499
21,21.05,2348,1115,1233,971,470,501
21,21.06,2144,972,1172,456,195,261
21,21.07,1503,687,816,337,152,185
21,21.08,1346,648,698,778,353,425
21,21.09,1234,632,602,866,385,481
21,21.10,447,214,233,302,155,147
21,21.11,199,93,106,151,78,73
21,21.12,180,85,95,78,41,37
21,21.13,1113,538,575,645,297,348
21,21.14,1240,618,622,741,362,379
21,21.15,1571,742,829,965,482,483
21,21.16,2281,1133,1148,1007,415,592
21,21.17,1486,749,737,1015,439,576
21,21.18,560,274,286,480,231,249
21,21.19,1284,595,689,397,170,227
21,21.20,2781,1269,1512,692,318,374
21,21.21,903,410,493,525,274,251
21,21.22,1296,607,689,717,456,261
21,21.23,309,153,156,164,77,87
21,21.24,1481,705,776,826,403,423
21,21.25,1116,560,556,759,372,387
21,21.26,905,437,468,614,267,347
21,21.27,1456,748,708,950,406,544
21,21.28,711,350,361,428,203,225
21,21.29,1287,646,641,798,352,446
21,21.30,190,99,91,122,54,68
21,21.31,889,420,469,492,244,248
21,21.32,2168,990,1178,629,260,369
21,21.33,1458,779,679,655,228,427
21,21.34,1364,695,669,888,409,479
21,21.35,1356,679,677,811,402,409
21,21.36,79,44,35,63,34,29
21,21.37,1163,599,564,746,332,414
21,21.38,1209,601,608,766,363,403
21,21.39,1547,778,769,1004,469,535
21,21.40,1033,518,515,559,275,284
21,21.41,1701,829,872,550,273,277
21,21.42,1802,869,933,532,235,297
21,21.43,2260,1057,1203,503,154,349
21,21.44,2649,1325,1324,759,242,517
21,21.45,2128,1078,1050,670,287,383
21,21.46,1520,751,769,925,425,500
21,21.47,1776,870,906,813,365,448
21,21.48,1059,537,522,515,204,311
21,21.49,924,445,479,403,159,244
21,21.50,981,470,511,430,199,231
21,21.51,1084,513,571,479,227,252
21,21.52,1297,523,774,597,359,238
21,21.53,1351,720,631,568,212,356
22,22.01,2721,1302,1419,934,413,521
22,22.02,2476,1153,1323,831,386,445
22,22.03,2854,1333,1521,1108,471,637
22,22.04,2619,1172,1447,888,413,475
22,22.05,1374,658,716,559,242,317
22,22.06,1768,884,884,502,164,338
22,22.07,2827,1414,1413,1169,471,698
22,22.08,1451,717,734,999,419,580
22,22.09,785,372,413,331,125,206
22,22.10,2099,1029,1070,836,258,578
22,22.11,314,153,161,156,89,67
22,22.12,2958,1499,1459,1163,385,778
22,22.13,1808,942,866,644,238,406
22,22.14,2445,1190,1255,908,386,522
22,22.15,1458,738,720,442,132,310
22,22.16,1545,792,753,550,189,361
22,22.17,1243,596,647,451,172,279
22,22.18,1700,845,855,920,383,537
22,22.19,729,370,359,357,121,236
22,22.20,248,135,113,143,60,83
22,22.21,1223,599,624,806,357,449
22,22.22,1166,587,579,690,323,367
22,22.23,1249,630,619,398,111,287
22,22.24,777,406,371,400,145,255
22,22.25,1154,584,570,444,145,299
22,22.26,1517,739,778,838,401,437
22,22.27,1114,594,520,767,336,431
22,22.28,1298,655,643,641,262,379
22,22.29,1597,802,795,969,328,641
22,22.30,1407,711,696,687,247,440
22,22.31,1617,805,812,1089,400,689
22,22.32,1055,524,531,626,204,422
22,22.33,543,270,273,382,167,215
22,22.34,1069,511,558,468,194,274
22,22.35,1212,542,670,366,162,204
22,22.36,1283,621,662,351,147,204
22,22.37,1575,832,743,606,189,417
22,22.38,1271,656,615,530,193,337
22,22.39,982,516,466,424,151,273
22,22.40,1403,687,716,609,252,357
22,22.41,1590,771,819,510,219,291
22,22.42,1216,571,645,631,195,436
22,22.43,1245,601,644,443,176,267
22,22.44,1522,758,764,688,320,368
22,22.45,346,175,171,184,79,105
22,22.46,1024,531,493,375,173,202
22,22.47,1011,482,529,423,188,235
22,22.48,1511,766,745,556,198,358
22,22.49,1606,813,793,555,196,359
22,22.50,1488,722,766,469,137,332
22,22.51,957,477,480,382,146,236
22,22.52,1218,610,608,440,163,277
22,22.53,1077,524,553,502,170,332
22,22.54,872,445,427,400,155,245
22,22.55,1439,716,723,573,253,320
22,22.56,1348,678,670,436,118,318
22,22.57,972,492,480,423,147,276
22,22.58,1435,713,722,481,204,277
22,22.59,1258,640,618,604,228,376
22,22.60,437,209,228,338,193,145
22,22.61,619,292,327,510,272,238
22,22.62,486,239,247,247,112,135
22,22.63,152,85,67,128,48,80
22,22.64,607,308,299,415,206,209
22,22.65,512,262,250,255,128,127
22,22.66,1244,649,595,600,148,452
22,22.67,1094,544,550,398,148,250
22,22.68,189,94,95,178,80,98
22,22.69,1643,865,778,0,0,0
22,22.70,862,454,408,753,336,417
22,22.71,1145,582,563,838,393,445
22,22.72,893,456,437,328,102,226
22,22.73,1155,549,606,445,170,275
22,22.74,1383,683,700,669,309,360
22,22.75,995,487,508,397,133,264
22,22.76,803,352,451,338,144,194
22,22.77,497,226,271,294,141,153
22,22.78,166,83,83,121,49,72
22,22.79,1397,697,700,523,182,341
22,22.80,1041,538,503,425,175,250
22,22.81,1183,604,579,601,253,348
23,23.01,2020,958,1062,1222,591,631
23,23.02,2517,1174,1343,1507,759,748
23,23.03,2658,1269,1389,1641,817,824
23,23.04,1240,590,650,760,369,391
23,23.05,314,164,150,231,108,123
23,23.06,570,276,294,398,204,194
23,23.07,177,96,81,108,46,62
23,23.08,1142,596,546,507,211,296
23,23.09,652,344,308,380,156,224
23,23.10,2721,1369,1352,1139,554,585
23,23.11,1229,628,601,558,223,335
23,23.12,1935,1009,926,818,282,536
23,23.13,597,275,322,230,125,105
23,23.14,861,432,429,426,179,247
23,23.15,489,257,232,186,76,110
23,23.16,308,162,146,206,93,113
23,23.17,1224,619,605,517,215,302
23,23.18,503,250,253,212,99,113
23,23.19,1429,698,731,631,288,343
23,23.20,775,385,390,410,176,234
23,23.21,629,306,323,327,157,170
23,23.22,1865,964,901,678,348,330
23,23.23,2705,1291,1414,1038,430,608
23,23.24,2708,1302,1406,1091,438,653
23,23.25,475,238,237,197,96,101
23,23.26,3036,1472,1564,803,317,486
23,23.27,2323,1130,1193,600,239,361
23,23.28,1342,656,686,616,259,357
23,23.29,439,229,210,142,56,86
23,23.30,325,160,165,181,79,102
23,23.31,257,131,126,124,51,73
23,23.32,1245,656,589,865,355,510
23,23.33,855,434,421,374,155,219
23,23.34,1099,580,519,556,211,345
23,23.35,348,189,159,268,115,153
23,23.36,630,324,306,224,101,123
23,23.37,271,132,139,174,82,92
23,23.38,1416,661,755,868,430,438
23,23.39,1431,683,748,923,452,471
23,23.40,1413,669,744,847,431,416
23,23.41,906,449,457,682,320,362
23,23.42,1370,710,660,577,248,329
23,23.43,686,346,340,187,74,113
23,23.44,446,225,221,273,111,162
23,23.45,223,112,111,118,62,56
23,23.46,133,70,63,77,39,38
23,23.47,517,261,256,161,67,94
23,23.48,584,293,291,275,114,161
23,23.49,247,120,127,84,37,47
23,23.50,371,181,190,155,66,89
23,23.51,1367,735,632,355,124,231
23,23.52,1318,678,640,343,143,200
24,24.01,1087,515,572,654,332,322
24,24.02,1262,594,668,764,404,360
24,24.03,633,332,301,319,163,156
24,24.04,1360,662,698,698,335,363
24,24.05,694,382,312,238,109,129
24,24.06,86,56,30,36,16,20
24,24.07,513,257,256,195,96,99
24,24.08,657,346,311,474,204,270
24,24.09,482,257,225,338,144,194
24,24.10,451,242,209,272,116,156
24,24.11,74,46,28,55,22,33
24,24.12,711,387,324,498,212,286
24,24.13,173,88,85,120,48,72
24,24.14,272,130,142,115,58,57
24,24.15,210,99,111,94,39,55
24,24.16,494,265,229,377,174,203
24,24.17,670,354,316,501,221,280
24,24.18,127,67,60,113,55,58
24,24.19,459,234,225,275,127,148
24,24.20,413,202,211,249,118,131
24,24.21,341,171,170,149,69,80
24,24.22,1185,613,572,630,303,327
24,24.23,101,45,56,59,25,34
24,24.24,757,369,388,366,190,176
24,24.25,316,169,147,128,52,76
24,24.26,381,182,199,182,89,93
24,24.27,29,22,7,36,5,31
24,24.28,413,204,209,161,80,81
24,24.29,697,367,330,307,144,163
24,24.30,163,91,72,64,30,34
24,24.31,298,148,150,55,25,30
24,24.32,681,360,321,567,250,317
24,24.33,37,20,17,34,13,21
24,24.34,23,10,13,28,9,19
24,24.35,233,102,131,132,69,63
24,24.36,254,128,126,125,66,59
24,24.37,261,144,117,152,66,86
24,24.38,475,227,248,216,114,102
24,24.39,701,348,353,357,166,191
24,24.40,192,99,93,117,57,60
24,24.41,56,30,26,51,20,31
24,24.42,285,157,128,154,64,90
24,24.43,1141,587,554,497,198,299
24,24.44,301,136,165,119,65,54
24,24.45,298,146,152,155,61,94
24,24.46,448,217,231,161,86,75
24,24.47,334,157,177,197,102,95
24,24.48,619,292,327,433,209,224
24,24.49,322,174,148,239,107,132
24,24.50,898,453,445,462,234,228
25,25.01,2977,1423,1554,1242,624,618
25,25.02,543,268,275,193,92,101
25,25.03,258,136,122,136,57,79
25,25.04,247,124,123,157,76,81
25,25.05,112,60,52,67,29,38
25,25.06,653,330,323,371,178,193
25,25.07,280,139,141,159,80,79
25,25.08,97,43,54,52,21,31
25,25.09,186,93,93,81,46,35
25,25.10,707,366,341,200,92,108
25,25.11,341,176,165,190,83,107
25,25.12,286,155,131,164,69,95
25,25.13,321,169,152,144,73,71
25,25.14,237,119,118,123,56,67
25,25.15,80,47,33,46,15,31
25,25.16,703,337,366,350,160,190
25,25.17,270,152,118,124,55,69
25,25.18,374,204,170,167,58,109
25,25.19,256,146,110,104,46,58
25,25.20,497,241,256,235,121,114
25,25.21,626,320,306,297,131,166
25,25.22,756,327,429,366,254,112
25,25.23,335,156,179,211,120,91
25,25.24,618,306,312,262,127,135
25,25.25,639,303,336,286,143,143
25,25.26,439,178,261,211,137,74
25,25.27,515,270,245,254,116,138
25,25.28,323,173,150,69,30,39
25,25.29,447,181,266,226,146,80
25,25.30,984,423,561,445,297,148
25,25.31,274,121,153,145,89,56
25,25.32,1072,515,557,406,190,216
25,25.33,418,216,202,276,124,152
25,25.34,792,308,484,380,222,158
25,25.35,389,205,184,243,102,141
25,25.36,203,106,97,126,55,71
25,25.37,402,160,242,170,116,54
25,25.38,258,120,138,147,79,68
25,25.39,288,121,167,165,97,68
26,26.01,2637,1144,1493,1346,732,614
26,26.02,875,365,510,494,282,212
26,26.03,496,231,265,255,142,113
26,26.04,973,457,516,622,335,287
26,26.05,919,429,490,537,270,267
26,26.06,146,64,82,96,52,44
26,26.07,998,444,554,716,379,337
26,26.08,1356,679,677,827,394,433
26,26.09,434,211,223,299,146,153
26,26.10,185,102,83,124,53,71
26,26.11,580,308,272,370,153,217
26,26.12,430,216,214,294,132,162
26,26.13,200,109,91,150,64,86
26,26.14,819,419,400,542,248,294
26,26.15,260,131,129,168,77,91
26,26.16,204,106,98,146,75,71
26,26.17,771,406,365,458,191,267
26,26.18,167,87,80,116,58,58
26,26.19,368,201,167,242,97,145
26,26.20,407,213,194,227,102,125
26,26.21,368,188,180,222,109,113
26,26.22,1233,583,650,578,310,268
26,26.23,748,355,393,317,169,148
26,26.24,365,168,197,249,117,132
26,26.25,77,38,39,66,32,34
26,26.26,308,152,156,250,118,132
26,26.27,338,176,162,222,102,120
26,26.28,96,47,49,61,26,35
26,26.29,467,244,223,300,132,168
26,26.30,332,162,170,242,109,133
26,26.31,144,73,71,88,43,45
26,26.32,52,33,19,35,9,26
26,26.33,407,195,212,234,108,126
26,26.34,173,85,88,122,64,58
26,26.35,291,158,133,162,75,87
26,26.36,209,122,87,116,43,73
26,26.37,466,245,221,280,111,169
26,26.38,404,204,200,252,164,88
26,26.39,249,134,115,151,57,94
26,26.40,65,30,35,56,24,32
27,27.01,1419,614,805,1068,599,469
27,27.02,2179,989,1190,1343,705,638
27,27.03,636,274,362,432,229,203
27,27.04,1142,536,606,843,425,418
27,27.05,1504,655,849,984,522,462
27,27.06,2236,1064,1172,1536,743,793
27,27.07,1405,678,727,1000,443,557
27,27.08,1571,756,815,898,429,469
27,27.09,817,398,419,550,251,299
27,27.10,1059,556,503,640,357,283
27,27.11,1387,697,690,865,368,497
27,27.12,999,511,488,609,272,337
27,27.13,361,179,182,261,131,130
27,27.14,1459,719,740,890,586,304
27,27.15,1321,644,677,822,397,425
27,27.16,1271,607,664,817,385,432
27,27.17,944,489,455,599,278,321
27,27.18,1233,630,603,821,375,446
27,27.19,492,242,250,356,160,196
27,27.20,898,450,448,527,249,278
27,27.21,877,445,432,580,238,342
27,27.22,485,234,251,292,138,154
27,27.23,1011,514,497,662,297,365
27,27.24,1200,603,597,751,316,435
27,27.25,872,437,435,523,261,262
27,27.26,1307,600,707,772,415,357
27,27.27,2383,1170,1213,1329,632,697
27,27.28,1331,624,707,886,437,449
27,27.29,1347,647,700,862,403,459
27,27.30,1693,812,881,1111,539,572
27,27.31,796,373,423,528,268,260
27,27.32,799,398,401,520,186,334
27,27.33,1866,936,930,1251,611,640
27,27.34,572,284,288,410,197,213
27,27.35,1397,679,718,932,422,510
27,27.36,553,270,283,392,181,211
27,27.37,473,251,222,359,156,203
27,27.38,835,419,416,545,230,315
27,27.39,865,437,428,544,217,327
27,27.40,0,,,365,20,345
27,27.41,0,,,89,19,70
28,28.01,1356,607,749,756,412,344
28,28.02,1435,653,782,726,373,353
28,28.03,1399,649,750,758,405,353
28,28.04,1504,729,775,731,371,360
28,28.05,924,446,478,489,216,273
28,28.06,1985,899,1086,1072,592,480
28,28.07,1177,547,630,644,341,303
28,28.08,220,108,112,96,41,55
28,28.09,482,233,249,334,159,175
28,28.10,703,355,348,391,178,213
28,28.11,608,322,286,382,140,242
28,28.12,424,224,200,242,89,153
28,28.13,1232,589,643,664,325,339
28,28.14,198,100,98,106,37,69
28,28.15,268,128,140,139,59,80
28,28.16,288,173,115,162,60,102
28,28.17,470,230,240,230,108,122
28,28.18,454,224,230,263,121,142
28,28.19,235,123,112,127,59,68
28,28.20,137,86,51,78,29,49
28,28.21,206,99,107,112,56,56
28,28.22,103,59,44,49,18,31
28,28.23,461,230,231,249,119,130
28,28.24,170,97,73,107,42,65
28,28.25,128,78,50,81,37,44
28,28.26,287,150,137,156,70,86
28,28.27,191,121,70,88,26,62
28,28.28,160,111,49,67,10,57
28,28.29,334,155,179,221,87,134
28,28.30,784,390,394,477,233,244
28,28.31,684,331,353,330,161,169
28,28.32,751,388,363,446,204,242
28,28.33,821,410,411,469,201,268
28,28.34,234,110,124,148,68,80
28,28.35,171,92,79,95,40,55
28,28.36,357,192,165,242,113,129
28,28.37,230,108,122,120,57,63
28,28.38,918,470,448,462,200,262
28,28.39,278,157,121,167,63,104
28,28.40,773,395,378,507,235,272
28,28.41,276,140,136,180,74,106
28,28.42,321,160,161,188,91,97
28,28.43,620,324,296,425,182,243
28,28.44,215,114,101,153,69,84
28,28.45,526,284,242,329,146,183
28,28.46,593,298,295,344,149,195
28,28.47,160,87,73,83,22,61
28,28.48,419,215,204,266,110,156
28,28.49,556,292,264,245,99,146
29,29.01,1493,715,778,942,470,472
29,29.02,485,216,269,329,169,160
29,29.03,633,311,322,383,190,193
29,29.04,308,168,140,188,72,116
29,29.05,620,317,303,373,173,200
29,29.06,990,489,501,488,230,258
29,29.07,681,335,346,361,172,189
29,29.08,242,121,121,132,63,69
29,29.09,128,82,46,98,34,64
29,29.10,231,148,83,183,71,112
30,30.01,1210,563,647,742,370,372
30,30.02,2179,968,1211,1136,605,531
30,30.03,1397,658,739,770,379,391
30,30.04,2633,1206,1427,1400,727,673
30,30.05,2186,1108,1078,989,411,578
30,30.06,1223,616,607,710,308,402
30,30.07,1608,835,773,700,262,438
30,30.08,2145,1074,1071,1280,637,643
30,30.09,808,398,410,521,248,273
30,30.10,992,503,489,664,326,338
30,30.11,1245,615,630,780,343,437
30,30.12,747,384,363,525,221,304
30,30.13,148,73,75,108,55,53
30,30.14,1452,763,689,975,422,553
30,30.15,1210,601,609,812,386,426
30,30.16,1324,638,686,792,389,403
30,30.17,341,179,162,228,87,141
30,30.18,685,344,341,394,168,226
30,30.19,1262,650,612,744,327,417
30,30.20,2013,1019,994,1255,568,687
30,30.21,509,237,272,274,123,151
30,30.22,1223,626,597,735,307,428
30,30.23,682,370,312,395,153,242
30,30.24,1258,637,621,637,225,412
30,30.25,585,294,291,358,157,201
30,30.26,698,355,343,451,200,251
30,30.27,1482,753,729,908,423,485
30,30.28,795,389,406,495,247,248
30,30.29,1290,658,632,809,362,447
30,30.30,1341,638,703,821,369,452
30,30.31,1398,643,755,843,423,420
30,30.32,904,460,444,551,243,308
32,32.01,1357,618,739,790,418,372
32,32.02,1239,558,681,714,376,338
32,32.03,1170,478,692,725,417,308
32,32.04,1457,642,815,871,469,402
32,32.05,1418,620,798,833,458,375
32,32.06,2353,1002,1351,1474,860,614
32,32.07,2000,875,1125,1282,715,567
32,32.08,1167,522,645,690,368,322
32,32.09,1474,699,775,882,443,439
32,32.10,1192,528,664,791,420,371
32,32.11,1103,467,636,674,385,289
32,32.12,1175,545,630,794,404,390
32,32.13,1078,526,552,712,353,359
32,32.14,1836,801,1035,1101,620,481
32,32.15,2591,1149,1442,1392,735,657
32,32.16,2271,915,1356,1254,753,501
32,32.17,1441,660,781,839,502,337
32,32.18,995,442,553,663,312,351
32,32.19,1410,616,794,854,469,385
32,32.20,1430,610,820,746,369,377
32,32.21,1527,624,903,831,464,367
32,32.22,2286,955,1331,1186,649,537
32,32.23,1268,544,724,688,389,299
32,32.24,1327,580,747,723,405,318
32,32.25,1240,562,678,800,458,342
32,32.26,764,371,393,560,280,280
32,32.27,541,276,265,280,129,151
32,32.28,1476,732,744,901,406,495
32,32.29,861,456,405,492,191,301
32,32.30,1316,603,713,771,374,397
32,32.31,575,305,270,322,121,201
32,32.32,749,369,380,456,224,232
32,32.33,769,407,362,449,201,248
32,32.34,2352,1159,1193,1340,610,730
32,32.35,723,381,342,406,169,237
32,32.36,610,304,306,355,127,228
32,32.37,313,170,143,157,63,94
32,32.38,1228,604,624,810,267,543
32,32.39,1122,539,583,689,288,401
32,32.40,1537,729,808,1006,614,392
32,32.41,1370,693,677,834,332,502
32,32.42,483,258,225,328,123,205
32,32.43,801,425,376,464,197,267
32,32.44,1435,744,691,844,359,485
32,32.45,861,447,414,495,204,291
32,32.46,1254,598,656,727,362,365
32,32.47,955,462,493,597,305,292
32,32.48,1352,665,687,734,336,398
32,32.49,1477,709,768,746,332,414
32,32.50,1287,650,637,823,359,464
32,32.51,1217,568,649,679,333,346
32,32.52,884,403,481,539,317,222
32,32.53,813,368,445,508,253,255
32,32.54,1451,669,782,843,439,404
32,32.55,2722,1278,1444,1619,812,807
32,32.56,1920,1011,909,928,369,559
32,32.57,315,154,161,172,77,95
32,32.58,876,401,475,607,285,322
32,32.59,1013,504,509,646,307,339
32,32.60,656,317,339,403,215,188
32,32.61,1559,769,790,918,437,481
32,32.62,1411,682,729,821,327,494
32,32.63,1313,642,671,826,383,443
32,32.64,1053,533,520,615,263,352
32,32.65,444,230,214,256,99,157
32,32.66,1164,548,616,747,374,373
32,32.67,1480,710,770,864,386,478
32,32.68,810,404,406,508,239,269
32,32.69,1157,588,569,651,285,366
32,32.70,827,377,450,487,264,223
32,32.71,2189,1132,1057,1377,597,780
32,32.72,568,310,258,412,163,249
32,32.73,993,468,525,631,254,377
32,32.74,875,452,423,567,291,276
32,32.75,1241,603,638,746,325,421
32,32.76,469,246,223,309,136,173
32,32.77,1390,697,693,864,368,496
32,32.78,1463,731,732,890,432,458
32,32.79,1484,736,748,940,457,483
32,32.80,1809,940,869,1088,639,449
32,32.81,369,183,186,236,106,130
32,32.82,1109,566,543,637,248,389
32,32.83,1490,730,760,771,347,424
32,32.84,1294,643,651,903,448,455
32,32.85,323,161,162,258,138,120
32,32.86,175,87,88,114,53,61
32,32.87,209,107,102,158,70,88
32,32.88,426,208,218,316,124,192
32,32.89,285,146,139,219,107,112
32,32.90,928,441,487,473,216,257
32,32.91,955,507,448,515,192,323
32,32.92,1039,518,521,603,269,334
32,32.93,1401,685,716,768,340,428
32,32.94,690,325,365,386,187,199
32,32.95,1381,658,723,945,383,562
33,33.01,1425,669,756,959,469,490
33,33.02,1335,641,694,837,425,412
33,33.03,1467,708,759,874,448,426
33,33.04,1711,785,926,971,480,491
33,33.05,1094,505,589,628,309,319
33,33.06,1914,953,961,1138,493,645
33,33.07,973,522,451,613,287,326
33,33.08,1259,644,615,777,345,432
33,33.09,457,252,205,307,131,176
33,33.10,1022,518,504,736,359,377
33,33.11,206,101,105,125,60,65
33,33.12,1168,612,556,797,325,472
33,33.13,850,421,429,605,297,308
33,33.14,1274,660,614,790,347,443
33,33.15,764,409,355,510,220,290
33,33.16,791,393,398,518,262,256
33,33.17,454,225,229,282,128,154
33,33.18,1428,667,761,942,495,447
33,33.19,2378,1210,1168,1408,640,768
33,33.20,1222,612,610,772,362,410
33,33.21,853,432,421,535,247,288
33,33.22,430,224,206,288,134,154
33,33.23,478,222,256,279,141,138
33,33.24,239,112,127,134,70,64
33,33.25,1788,873,915,1125,536,589
33,33.26,1098,588,510,702,295,407
33,33.27,1497,782,715,862,376,486
33,33.28,1468,767,701,849,383,466
33,33.29,1452,732,720,931,423,508
33,33.30,926,472,454,675,320,355
33,33.31,1615,816,799,1009,442,567
33,33.32,316,154,162,199,99,100
33,33.33,219,113,106,151,74,77
33,33.34,1509,701,808,863,393,470
33,33.35,132,65,67,107,51,56
35,35.01,2322,1156,1166,1266,411,855
35,35.02,2455,1150,1305,1505,787,718
35,35.03,1363,623,740,746,393,353
35,35.04,1991,974,1017,1107,546,561
35,35.05,2347,1111,1236,1432,720,712
35,35.06,1992,936,1056,1148,581,567
35,35.07,2009,915,1094,1232,661,571
35,35.08,2153,1044,1109,1331,697,634
35,35.09,1996,904,1092,1074,539,535
35,35.10,1364,656,708,759,382,377
35,35.11,916,423,493,433,235,198
35,35.12,665,353,312,411,183,228
35,35.13,2317,1160,1157,1258,626,632
35,35.14,2299,1111,1188,1343,696,647
35,35.15,2161,1021,1140,1223,594,629
35,35.16,466,255,211,314,134,180
35,35.17,937,504,433,625,255,370
35,35.18,259,139,120,187,77,110
35,35.19,696,358,338,410,177,233
35,35.20,1133,539,594,740,358,382
35,35.21,406,208,198,280,113,167
35,35.22,1077,547,530,677,292,385
35,35.23,1725,866,859,1052,475,577
35,35.24,823,411,412,533,260,273
35,35.25,502,268,234,325,130,195
35,35.26,1313,675,638,850,372,478
35,35.27,1090,512,578,683,335,348
35,35.28,970,486,484,626,298,328
35,35.29,804,413,391,534,233,301
35,35.30,1649,824,825,1021,464,557
35,35.31,778,383,395,419,188,231
35,35.32,433,216,217,286,124,162
35,35.33,421,214,207,296,133,163
35,35.34,64,32,32,53,27,26
35,35.35,133,75,58,104,43,61
35,35.36,2268,1090,1178,1270,628,642
35,35.37,952,488,464,539,225,314
35,35.38,625,319,306,388,182,206
36,36.01,1752,763,989,1027,553,474
36,36.02,1039,472,567,574,302,272
36,36.03,1962,843,1119,1243,704,539
36,36.04,1648,754,894,958,494,464
36,36.05,1698,754,944,1072,590,482
36,36.06,1765,819,946,1008,529,479
36,36.07,1025,427,598,598,327,271
36,36.08,819,399,420,441,227,214
36,36.09,1703,819,884,1009,464,545
36,36.10,997,466,531,633,317,316
36,36.11,1144,514,630,702,103,599
36,36.12,337,176,161,216,98,118
36,36.13,1633,761,872,1083,547,536
36,36.14,345,177,168,211,103,108
36,36.15,1316,617,699,848,401,447
36,36.16,660,330,330,388,176,212
36,36.17,526,270,256,219,113,106
36,36.18,1656,836,820,1096,491,605
36,36.19,1103,520,583,731,335,396
36,36.20,1389,668,721,925,448,477
36,36.21,642,305,337,435,214,221
36,36.22,658,315,343,451,217,234
36,36.23,644,296,348,264,125,139
36,36.24,182,91,91,74,35,39
37,37.01,2169,949,1220,1362,747,615
37,37.02,2460,1126,1334,1482,800,682
37,37.03,1159,521,638,812,446,366
37,37.04,2327,1075,1252,1414,749,665
37,37.05,1149,524,625,673,342,331
37,37.06,1033,481,552,665,360,305
37,37.07,673,318,355,410,214,196
37,37.08,2192,1023,1169,1468,764,704
37,37.09,1220,619,601,795,383,412
37,37.10,2001,909,1092,1222,650,572
37,37.11,323,145,178,213,121,92
37,37.12,1357,713,644,939,440,499
37,37.13,475,235,240,328,163,165
37,37.14,1049,528,521,726,331,395
37,37.15,683,353,330,459,199,260
37,37.16,1342,675,667,896,419,477
37,37.17,982,492,490,695,324,371
37,37.18,988,434,554,579,318,261
37,37.19,434,190,244,286,157,129
37,37.20,708,362,346,470,213,257
37,37.21,1485,712,773,837,437,400
37,37.22,1611,822,789,1135,504,631
37,37.23,804,414,390,561,260,301
37,37.24,1179,500,679,637,352,285
37,37.25,1317,612,705,805,440,365
37,37.26,374,156,218,212,124,88
37,37.27,1178,567,611,808,449,359
37,37.28,863,462,401,522,199,323
38,38.01,1646,772,874,1141,582,559
38,38.02,1178,512,666,750,401,349
38,38.03,1418,729,689,1081,526,555
38,38.04,866,450,416,641,293,348
38,38.05,1010,532,478,671,292,379
38,38.06,1599,813,786,1063,481,582
38,38.07,827,435,392,514,209,305
38,38.08,873,465,408,512,214,298
38,38.09,694,355,339,455,194,261
38,38.10,450,229,221,277,127,150
38,38.11,254,122,132,231,104,127
38,38.12,1355,662,693,1011,493,518
38,38.13,387,209,178,277,113,164
38,38.14,796,432,364,547,214,333
38,38.15,750,380,370,511,222,289
38,38.16,1315,673,642,972,457,515
39,39.01,1469,684,785,1028,545,483
39,39.02,270,137,133,207,106,101
39,39.03,424,222,202,318,134,184
39,39.04,1113,483,630,645,345,300
39,39.05,70,40,30,63,23,40
39,39.06,92,49,43,66,37,29
39,39.07,301,157,144,220,107,113
39,39.08,479,253,226,355,162,193
39,39.09,455,240,215,354,162,192
39,39.10,302,163,139,256,121,135
39,39.11,211,105,106,143,48,95
39,39.12,292,148,144,217,104,113
39,39.13,119,59,60,103,56,47
39,39.14,127,69,58,97,38,59
39,39.15,355,179,176,287,139,148
39,39.16,446,233,213,349,159,190
39,39.17,232,110,122,148,75,73
39,39.18,389,198,191,308,143,165
39,39.19,289,158,131,224,96,128
39,39.20,562,295,267,387,177,210
39,39.21,171,100,71,138,59,79
39,39.22,252,142,110,196,84,112
39,39.23,1351,628,723,1051,525,526
40,40.01,3010,1356,1654,1354,706,648
40,40.02,2123,932,1191,932,509,423
40,40.03,976,469,507,610,329,281
40,40.04,394,170,224,191,111,80
40,40.05,375,167,208,200,128,72
40,40.06,268,129,139,125,78,47
40,40.07,534,251,283,321,166,155
40,40.08,463,218,245,290,152,138
40,40.09,328,164,164,198,153,45
40,40.10,694,298,396,341,190,151
40,40.11,575,229,346,283,178,105
40,40.12,410,183,227,265,146,119
40,40.13,508,189,319,221,159,62
40,40.14,673,306,367,429,198,231
40,40.15,813,382,431,585,317,268
40,40.16,675,327,348,228,120,108
40,40.17,268,132,136,222,120,102
40,40.18,248,121,127,191,100,91
40,40.19,280,144,136,178,75,103
40,40.20,96,54,42,80,32,48
40,40.21,1823,816,1007,862,384,478
40,40.22,1278,564,714,488,276,212
40,40.23,440,205,235,242,111,131
40,40.24,320,153,167,200,84,116
40,40.25,330,143,187,201,119,82
40,40.26,403,198,205,272,140,132
40,40.27,383,162,221,271,172,99
40,40.28,725,316,409,415,241,174
40,40.29,529,245,284,340,196,144
40,40.30,96,42,54,61,42,19
40,40.31,1176,493,683,815,429,386
40,40.32,928,390,538,550,322,228
40,40.33,484,224,260,341,174,167
40,40.34,727,332,395,432,237,195
40,40.35,125,53,72,98,57,41
40,40.36,624,289,335,378,175,203
40,40.37,47,21,26,36,17,19
40,40.38,393,203,190,286,123,163
40,40.39,351,168,183,186,105,81
40,40.40,442,209,233,170,93,77
40,40.41,334,159,175,164,93,71
40,40.42,759,386,373,469,216,253
40,40.43,155,75,80,77,42,35
40,40.44,88,37,51,61,39,22
40,40.45,1572,686,886,868,454,414
40,40.46,300,145,155,251,125,126
40,40.47,410,218,192,259,116,143
40,40.48,149,74,75,135,68,67
40,40.49,110,59,51,83,37,46
40,40.50,270,133,137,255,133,122
40,40.51,577,262,315,341,156,185
40,40.52,617,296,321,390,193,197
40,40.53,118,52,66,92,52,40
40,40.54,90,43,47,48,26,22
40,40.55,681,287,394,342,183,159
40,40.56,273,141,132,186,85,101
40,40.57,382,185,197,223,138,85
40,40.58,915,364,551,380,244,136
40,40.59,556,262,294,386,185,201
40,40.60,672,280,392,446,251,195
40,40.61,387,179,208,279,144,135
40,40.62,2746,1180,1566,1152,627,525
41,41.01,1484,685,799,756,428,328
41,41.02,1647,755,892,847,466,381
41,41.03,1324,635,689,853,513,340
41,41.04,1355,665,690,759,381,378
41,41.05,1273,622,651,760,376,384
41,41.06,74,41,33,56,29,27
41,41.07,836,387,449,469,250,219
41,41.08,923,453,470,546,290,256
41,41.09,420,210,210,250,139,111
41,41.10,373,172,201,221,111,110
41,41.11,459,213,246,282,149,133
41,41.12,691,377,314,377,170,207
41,41.13,139,75,64,103,44,59
41,41.14,314,140,174,219,119,100
41,41.15,56,26,30,89,24,65
41,41.16,214,113,101,152,85,67
41,41.17,109,58,51,72,40,32
41,41.18,1055,490,565,601,324,277
41,41.19,446,210,236,293,151,142
41,41.20,223,108,115,194,94,100
41,41.21,1387,580,807,838,509,329
41,41.22,349,160,189,256,146,110
41,41.23,218,100,118,145,82,63
41,41.24,210,103,107,158,80,78
41,41.25,1310,599,711,772,428,344
41,41.26,629,277,352,377,211,166
41,41.27,532,257,275,278,154,124
41,41.28,327,159,168,205,107,98
41,41.29,133,68,65,75,37,38
41,41.30,41,27,14,27,13,14
41,41.31,229,119,110,164,102,62
41,41.32,1152,599,553,482,180,302
41,41.33,61,33,28,51,21,30
41,41.34,660,285,375,375,220,155
41,41.35,71,35,36,46,25,21
43,43.01,1395,634,761,868,445,423
43,43.02,1063,480,583,645,345,300
43,43.03,93,52,41,59,23,36
43,43.04,383,198,185,235,90,145
43,43.05,209,112,97,142,64,78
43,43.06,111,63,48,91,36,55
43,43.07,35,23,12,37,8,29
43,43.08,180,105,75,136,53,83
43,43.09,254,136,118,173,78,95
43,43.10,198,91,107,148,79,69
43,43.11,332,160,172,232,109,123
43,43.12,112,51,61,83,34,49
43,43.13,99,46,53,77,40,37
43,43.14,89,44,45,75,40,35
43,43.15,532,240,292,358,182,176
43,43.16,478,229,249,359,151,208
43,43.17,337,165,172,232,112,120
43,43.18,118,69,49,91,38,53
43,43.19,124,64,60,93,52,41
43,43.20,107,64,43,67,21,46
43,43.21,311,154,157,178,71,107
43,43.22,282,144,138,151,72,79
43,43.23,125,60,65,86,42,44
44,44.01,312,141,171,209,102,107
44,44.02,440,226,214,304,122,182
44,44.03,510,247,263,358,177,181
44,44.04,491,236,255,377,176,201
44,44.05,1060,488,572,724,395,329
44,44.06,1236,541,695,842,463,379
44,44.07,184,97,87,147,66,81
44,44.08,144,81,63,98,44,54
44,44.09,146,73,73,114,55,59
44,44.10,42,15,27,35,18,17
44,44.11,242,127,115,179,79,100
44,44.12,282,147,135,189,85,104
44,44.13,330,165,165,234,117,117
44,44.14,91,43,48,69,33,36
44,44.15,549,261,288,347,173,174
44,44.16,95,47,48,74,36,38
44,44.17,113,65,48,69,25,44
44,44.18,49,27,22,38,16,22
44,44.19,712,356,356,493,230,263
44,44.20,249,122,127,221,98,123
44,44.21,445,213,232,307,161,146
44,44.22,172,100,72,118,44,74
44,44.23,182,82,100,134,73,61
44,44.24,327,158,169,245,126,119
44,44.25,165,86,79,128,58,70
44,44.26,200,107,93,160,67,93
44,44.27,540,274,266,316,133,183
44,44.28,557,286,271,397,191,206
44,44.29,261,134,127,202,101,101
44,44.30,355,183,172,249,121,128
44,44.31,276,144,132,199,75,124
44,44.32,445,206,239,273,138,135
44,44.33,202,108,94,136,58,78
44,44.34,140,65,75,97,47,50
44,44.35,88,42,46,70,34,36
44,44.36,74,37,37,52,25,27
45,45.01,678,295,383,454,263,191
45,45.02,274,139,135,172,75,97
45,45.03,200,99,101,127,62,65
45,45.04,208,104,104,154,81,73
45,45.05,294,146,148,181,88,93
45,45.06,422,213,209,287,137,150
45,45.07,99,56,43,69,32,37
45,45.08,297,150,147,176,83,93
45,45.09,58,33,25,44,17,27
45,45.10,126,60,66,84,44,40
45,45.11,280,152,128,209,84,125
45,45.12,192,97,95,145,72,73
45,45.13,219,115,104,143,83,60
45,45.14,183,92,91,118,54,64
45,45.15,92,50,42,75,32,43
45,45.16,281,142,139,168,63,105
45,45.17,393,209,184,221,90,131
45,45.18,730,346,384,394,200,194
45,45.19,71,38,33,61,24,37
45,45.20,402,194,208,292,142,150
45,45.21,36,18,18,38,15,23
45,45.22,143,68,75,99,44,55
45,45.23,246,125,121,164,78,86
45,45.24,232,117,115,150,71,79
45,45.25,913,446,467,606,316,290
45,45.26,139,73,66,72,31,41
45,45.27,130,71,59,87,36,51
45,45.28,209,111,98,140,67,73
45,45.29,539,275,264,416,198,218
45,45.30,236,133,103,178,74,104
45,45.31,609,310,299,402,193,209
45,45.32,91,57,34,52,18,34
45,45.33,91,50,41,63,27,36
45,45.34,280,153,127,208,90,118
45,45.35,132,68,64,104,50,54
45,45.36,25,14,11,23,10,13
45,45.37,656,289,367,392,213,179
45,45.38,84,51,33,65,25,40
45,45.39,55,28,27,42,22,20
45,45.40,39,21,18,36,16,20
45,45.41,46,18,28,40,21,19
46,46.01,1333,610,723,681,367,314
46,46.02,185,104,81,102,49,53
46,46.03,302,157,145,159,79,80
46,46.04,140,79,61,97,52,45
46,46.05,236,122,114,153,81,72
46,46.06,158,92,66,80,39,41
46,46.07,378,200,178,251,125,126
46,46.08,130,79,51,101,41,60
46,46.09,319,181,138,176,76,100
46,46.10,108,60,48,71,33,38
46,46.11,220,122,98,117,51,66
46,46.12,400,207,193,207,91,116
46,46.13,288,147,141,186,89,97
46,46.14,262,140,122,130,63,67
46,46.15,148,77,71,102,45,57
46,46.16,46,27,19,0,0,0
46,46.17,255,125,130,146,74,72
46,46.18,163,92,71,109,47,62
46,46.19,117,66,51,74,33,41
46,46.20,188,94,94,107,47,60
46,46.21,121,65,56,70,36,34
46,46.22,148,85,63,92,48,44
46,46.23,150,82,68,91,42,49
47,47.01,1003,473,530,590,303,287
47,47.02,1044,496,548,630,307,323
47,47.03,348,175,173,178,85,93
47,47.04,170,83,87,104,41,63
47,47.05,155,81,74,88,31,57
47,47.06,113,55,58,58,24,34
47,47.07,100,48,52,53,23,30
47,47.08,115,53,62,67,36,31
47,47.09,48,26,22,31,11,20
47,47.10,28,15,13,23,7,16
47,47.11,193,95,98,144,64,80
47,47.12,57,28,29,58,23,35
47,47.13,112,65,47,64,21,43
47,47.14,78,40,38,64,32,32
47,47.15,555,267,288,270,134,136
47,47.16,75,42,33,49,20,29
47,47.17,108,46,62,67,33,34
47,47.18,65,29,36,36,19,17
47,47.19,63,39,24,51,16,35
47,47.20,623,299,324,300,146,154
47,47.21,103,58,45,79,38,41
47,47.22,240,132,108,161,68,93
47,47.23,144,80,64,79,34,45
47,47.24,143,74,69,78,29,49
47,47.25,104,57,47,63,22,41
47,47.26,254,138,116,156,58,98
47,47.27,59,29,30,45,25,20
47,47.28,227,120,107,135,56,79
47,47.29,140,76,64,89,38,51
47,47.30,153,80,73,110,51,59
47,47.31,51,26,25,35,17,18
47,47.32,188,108,80,120,43,77
47,47.33,137,69,68,85,40,45
47,47.34,203,102,101,142,64,78
47,47.35,77,36,41,69,35,34
47,47.36,379,191,188,217,76,141
47,47.37,409,218,191,240,97,143
47,47.38,458,222,236,258,123,135
47,47.39,127,66,61,91,40,51
47,47.40,306,139,167,192,90,102
48,48.01,1169,509,660,820,448,372
48,48.02,771,380,391,545,270,275
48,48.03,565,282,283,467,216,251
48,48.04,724,369,355,507,266,241
48,48.05,300,165,135,228,99,129
48,48.06,431,229,202,325,151,174
48,48.07,275,142,133,199,97,102
48,48.08,1059,539,520,822,363,459
48,48.09,667,343,324,442,209,233
48,48.10,706,364,342,527,274,253
48,48.11,1027,537,490,748,303,445
48,48.12,328,174,154,278,144,134
48,48.13,692,358,334,481,223,258
48,48.14,595,291,304,396,170,226
48,48.15,339,173,166,235,102,133
48,48.16,125,57,68,93,53,40
48,48.17,506,268,238,341,158,183
48,48.18,141,72,69,102,46,56
48,48.19,307,155,152,200,91,109
48,48.20,346,180,166,260,113,147
48,48.21,301,156,145,223,100,123
48,48.22,121,62,59,97,47,50
48,48.23,487,256,231,341,135,206
48,48.24,302,162,140,198,89,109
48,48.25,274,142,132,192,87,105
48,48.26,474,248,226,317,140,177
48,48.27,669,364,305,458,201,257
48,48.28,619,327,292,442,181,261
48,48.29,799,404,395,540,230,310
48,48.30,968,487,481,602,272,330
48,48.31,645,349,296,487,219,268
48,48.32,421,204,217,290,140,150
48,48.33,705,348,357,528,234,294
48,48.34,183,96,87,142,63,79
48,48.35,339,170,169,220,92,128
48,48.36,179,86,93,144,73,71
48,48.37,338,173,165,268,114,154
49,49.01,2308,1055,1253,1400,744,656
49,49.02,1264,617,647,854,388,466
49,49.03,1063,490,573,747,393,354
49,49.04,972,478,494,649,300,349
49,49.05,1001,521,480,724,333,391
49,49.06,1350,680,670,965,439,526
49,49.07,588,298,290,374,151,223
49,49.08,413,206,207,324,163,161
49,49.09,1066,539,527,659,298,361
49,49.10,506,262,244,310,135,175
49,49.11,1324,673,651,831,383,448
49,49.12,1307,654,653,741,325,416
49,49.13,666,335,331,454,173,281
49,49.14,699,353,346,504,236,268
49,49.15,1227,647,580,755,341,414
49,49.16,1318,686,632,796,338,458
49,49.17,569,293,276,413,197,216
49,49.18,1147,597,550,699,304,395
49,49.19,270,132,138,155,76,79
49,49.20,1427,696,731,924,419,505
49,49.21,1127,550,577,792,398,394
49,49.22,1545,783,762,998,461,537
49,49.23,1080,539,541,625,269,356
49,49.24,1766,885,881,1108,567,541
49,49.25,1155,551,604,748,362,386
49,49.26,1406,706,700,828,361,467
49,49.27,1297,639,658,869,386,483
49,49.28,796,414,382,607,277,330
49,49.29,686,327,359,480,232,248
49,49.30,689,338,351,437,206,231
50,50.01,1524,678,846,1072,589,483
50,50.02,97,48,49,76,35,41
50,50.03,1408,655,753,950,462,488
50,50.04,1024,469,555,760,401,359
50,50.05,1113,481,632,715,385,330
50,50.06,1074,485,589,711,381,330
50,50.07,463,246,217,335,147,188
50,50.08,846,444,402,547,236,311
50,50.09,154,79,75,130,65,65
50,50.10,1840,955,885,1344,607,737
50,50.11,403,222,181,286,118,168
50,50.12,804,383,421,552,263,289
50,50.13,318,164,154,213,107,106
50,50.14,392,184,208,322,169,153
50,50.15,1188,611,577,826,370,456
50,50.16,668,335,333,482,226,256
50,50.17,583,291,292,409,193,216
50,50.18,880,457,423,588,260,328
50,50.19,1143,591,552,761,346,415
50,50.20,550,271,279,376,179,197
50,50.21,619,320,299,451,208,243
50,50.22,1020,536,484,681,294,387
50,50.23,777,389,388,517,239,278
50,50.24,867,420,447,573,275,298
50,50.25,552,271,281,376,197,179
50,50.26,1910,908,1002,1221,583,638
50,50.27,81,41,40,71,34,37
50,50.28,661,333,328,497,219,278
50,50.29,812,385,427,660,325,335
50,50.30,411,207,204,281,135,146
50,50.31,649,328,321,464,212,252
50,50.32,1004,482,522,681,322,359
50,50.33,421,202,219,306,164,142
50,50.34,1199,596,603,779,369,410
50,50.35,282,132,150,199,95,104
50,50.36,1775,906,869,1230,578,652
50,50.37,218,109,109,154,74,80
50,50.38,1161,565,596,856,410,446
50,50.39,1052,488,564,724,355,369
50,50.40,194,93,101,142,79,63
50,50.41,380,187,193,270,134,136
50,50.42,985,512,473,680,295,385
50,50.43,855,400,455,541,280,261
50,50.44,763,380,383,541,256,285
50,50.45,417,216,201,301,120,181
50,50.46,412,218,194,288,132,156
50,50.47,592,315,277,402,162,240
50,50.48,678,377,301,442,182,260
50,50.49,405,206,199,281,125,156
50,50.50,203,106,97,141,58,83
50,50.51,1134,559,575,736,327,409
50,50.52,417,208,209,297,150,147
50,50.53,822,395,427,541,253,288
51,51.01,2440,1113,1327,1393,690,703
51,51.02,1101,527,574,625,320,305
51,51.03,1271,599,672,773,357,416
51,51.04,2172,941,1231,1241,659,582
51,51.05,2033,872,1161,1144,651,493
51,51.06,2614,1263,1351,1523,757,766
51,51.07,1242,560,682,726,362,364
51,51.08,1069,497,572,739,368,371
51,51.09,1377,609,768,741,396,345
51,51.10,2324,1018,1306,1175,638,537
51,51.11,1092,484,608,640,342,298
51,51.12,1276,718,558,802,318,484
51,51.13,1769,900,869,1179,546,633
51,51.14,956,460,496,643,319,324
51,51.15,876,456,420,537,248,289
51,51.16,817,414,403,524,246,278
51,51.17,1322,666,656,704,296,408
51,51.18,1357,689,668,815,376,439
51,51.19,904,472,432,593,266,327
51,51.20,1177,602,575,740,334,406
51,51.21,912,463,449,576,262,314
51,51.22,1312,643,669,815,376,439
51,51.23,838,426,412,516,234,282
51,51.24,1176,638,538,708,290,418
51,51.25,1187,549,638,692,370,322
51,51.26,1923,1015,908,1171,517,654
51,51.27,539,280,259,353,152,201
51,51.28,890,460,430,581,258,323
51,51.29,875,482,393,588,220,368
51,51.30,917,494,423,586,220,366
51,51.31,572,297,275,354,143,211
51,51.32,1404,724,680,871,388,483
51,51.33,1002,547,455,641,277,364
51,51.34,1310,684,626,760,329,431
51,51.35,885,479,406,497,196,301
51,51.36,1005,500,505,651,314,337
51,51.37,1134,551,583,626,268,358
51,51.38,665,339,326,399,173,226
51,51.39,765,381,384,482,193,289
51,51.40,963,485,478,632,276,356
51,51.41,942,507,435,623,246,377
51,51.42,692,345,347,450,223,227
51,51.43,743,364,379,458,217,241
51,51.44,1066,531,535,696,301,395
52,52.01,1063,457,606,641,345,296
52,52.02,946,448,498,590,270,320
52,52.03,1772,807,965,1066,541,525
52,52.04,921,440,481,564,275,289
52,52.05,933,454,479,523,243,280
52,52.06,718,367,351,431,186,245
52,52.07,1572,786,786,919,430,489
52,52.08,488,240,248,272,124,148
52,52.09,1466,741,725,869,395,474
52,52.10,1277,628,649,785,347,438
52,52.11,441,208,233,281,141,140
52,52.12,1242,606,636,767,345,422
52,52.13,1308,603,705,830,424,406
52,52.14,1321,676,645,826,383,443
52,52.15,894,433,461,585,265,320
52,52.16,868,434,434,548,245,303
52,52.17,411,197,214,254,108,146
52,52.18,345,183,162,210,94,116
52,52.19,256,150,106,171,68,103
52,52.20,589,294,295,340,158,182
52,52.21,203,96,107,140,69,71
52,52.22,310,159,151,207,88,119
52,52.23,601,291,310,425,210,215
52,52.24,759,359,400,467,209,258
53,53.01,2289,1125,1164,1350,656,694
53,53.02,2414,1134,1280,1413,696,717
53,53.03,958,483,475,667,314,353
53,53.04,1213,600,613,849,394,455
53,53.05,557,279,278,417,184,233
53,53.06,751,374,377,501,220,281
53,53.07,306,156,150,227,102,125
53,53.08,648,307,341,468,228,240
53,53.09,547,272,275,345,147,198
53,53.10,592,306,286,354,159,195
53,53.11,309,168,141,197,78,119
53,53.12,1398,690,708,879,411,468
53,53.13,622,326,296,335,124,211
53,53.14,1639,830,809,922,403,519
53,53.15,1017,490,527,563,239,324
53,53.16,359,176,183,234,109,125
53,53.17,689,348,341,448,187,261
53,53.18,731,400,331,458,189,269
53,53.19,602,303,299,369,155,214
53,53.20,1458,729,729,979,428,551
53,53.21,1416,724,692,868,354,514
53,53.22,1706,844,862,987,438,549
53,53.23,701,344,357,391,186,205
53,53.24,434,223,211,283,117,166
54,54.01,2284,977,1307,1309,735,574
54,54.02,2082,935,1147,1162,599,563
54,54.03,2149,929,1220,1235,668,567
54,54.04,2282,1069,1213,1167,569,598
54,54.05,2402,1143,1259,1387,639,748
54,54.06,1088,466,622,591,300,291
54,54.07,1341,642,699,805,275,530
54,54.08,1255,572,683,672,322,350
54,54.09,1070,497,573,602,300,302
54,54.10,1265,603,662,668,334,334
54,54.11,1250,597,653,571,274,297
54,54.12,2518,1191,1327,1306,640,666
54,54.13,1341,611,730,749,378,371
54,54.14,1278,560,718,610,328,282
54,54.15,1552,723,829,853,435,418
54,54.16,1907,957,950,1222,545,677
54,54.17,385,204,181,257,109,148
54,54.18,1351,660,691,818,145,673
54,54.19,180,94,86,133,56,77
54,54.20,1443,695,748,934,481,453
54,54.21,434,200,234,274,132,142
54,54.22,1047,525,522,629,270,359
54,54.23,1757,851,906,1042,459,583
54,54.24,605,299,306,411,180,231
54,54.25,2132,1009,1123,1214,593,621
54,54.26,1457,710,747,891,422,469
54,54.27,941,480,461,631,289,342
54,54.28,1161,582,579,736,308,428
54,54.29,1275,648,627,805,359,446
54,54.30,683,353,330,393,166,227
54,54.31,323,147,176,217,104,113
54,54.32,147,71,76,102,43,59
54,54.33,427,234,193,262,119,143
54,54.34,756,366,390,512,250,262
55,55.01,1273,585,688,818,422,396
55,55.02,2359,1080,1279,1298,683,615
55,55.03,1287,571,716,786,425,361
55,55.04,1250,598,652,744,366,378
55,55.05,860,425,435,552,252,300
55,55.06,596,303,293,436,209,227
55,55.07,870,424,446,592,287,305
55,55.08,710,348,362,442,233,209
55,55.09,309,164,145,178,95,83
55,55.10,1631,783,848,1037,479,558
55,55.11,312,168,144,214,101,113
55,55.12,1404,675,729,942,463,479
55,55.13,456,232,224,273,133,140
55,55.14,1197,603,594,718,356,362
55,55.15,220,108,112,162,85,77
55,55.16,635,308,327,454,219,235
55,55.17,783,371,412,502,249,253
55,55.18,796,385,411,505,241,264
55,55.19,288,150,138,194,90,104
55,55.20,1091,562,529,681,335,346
55,55.21,427,231,196,311,136,175
55,55.22,361,207,154,245,94,151
55,55.23,59,31,28,50,24,26
55,55.24,93,44,49,82,45,37
55,55.25,1224,513,711,755,404,351
55,55.26,1257,608,649,789,377,412
55,55.27,0,,,155,13,142
56,56.01,1850,822,1028,1024,565,459
56,56.02,1541,679,862,833,468,365
56,56.03,1770,799,971,926,484,442
56,56.04,705,334,371,380,190,190
56,56.05,1557,750,807,860,459,401
56,56.06,1878,863,1015,941,508,433
56,56.07,1640,748,892,684,359,325
56,56.08,780,358,422,364,180,184
56,56.09,204,101,103,87,43,44
56,56.10,382,183,199,175,97,78
56,56.11,461,237,224,274,130,144
56,56.12,1133,580,553,677,314,363
56,56.13,859,450,409,529,243,286
56,56.14,387,220,167,260,109,151
56,56.15,455,239,216,297,114,183
56,56.16,1231,673,558,740,283,457
56,56.17,521,283,238,312,133,179
56,56.18,1036,573,463,691,289,402
56,56.19,1261,683,578,727,318,409
56,56.20,1407,710,697,835,395,440
56,56.21,360,194,166,215,89,126
56,56.22,619,334,285,376,181,195
56,56.23,342,172,170,225,113,112
56,56.24,976,498,478,547,251,296
56,56.25,590,300,290,351,169,182
56,56.26,544,293,251,384,148,236
56,56.27,1179,599,580,726,323,403
56,56.28,401,229,172,253,92,161
56,56.29,964,508,456,516,226,290
56,56.30,1003,530,473,592,264,328
56,56.31,1438,794,644,924,385,539
56,56.32,573,298,275,370,153,217
56,56.33,1189,616,573,708,306,402
56,56.34,467,257,210,282,118,164
56,56.35,609,317,292,379,173,206
56,56.36,682,350,332,463,210,253
56,56.37,483,257,226,325,131,194
56,56.38,1045,506,539,632,290,342
56,56.39,1187,644,543,714,285,429
56,56.40,475,266,209,282,101,181
56,56.41,930,498,432,601,277,324
56,56.42,496,278,218,313,118,195
56,56.43,338,182,156,229,93,136
56,56.44,854,440,414,609,285,324
56,56.45,716,380,336,439,180,259
56,56.46,243,128,115,187,88,99
56,56.47,516,270,246,301,129,172
56,56.48,359,194,165,235,108,127
56,56.49,165,91,74,105,46,59
57,57.01,1083,537,546,544,255,289
57,57.02,1000,499,501,575,267,308
57,57.03,1534,711,823,833,407,426
57,57.04,1488,699,789,902,467,435
57,57.05,1861,884,977,1032,482,550
57,57.06,1823,841,982,946,492,454
57,57.07,1031,465,566,515,263,252
57,57.08,638,334,304,446,181,265
57,57.09,313,154,159,212,108,104
57,57.10,495,244,251,339,140,199
57,57.11,494,256,238,339,160,179
57,57.12,673,337,336,474,235,239
57,57.13,262,119,143,183,98,85
57,57.14,224,114,110,165,75,90
57,57.15,397,198,199,289,129,160
57,57.16,242,116,126,175,92,83
57,57.17,996,497,499,701,320,381
57,57.18,494,240,254,379,200,179
57,57.19,112,60,52,90,42,48
57,57.20,587,292,295,417,193,224
57,57.21,811,394,417,545,232,313
57,57.22,415,189,226,283,143,140
57,57.23,427,208,219,299,143,156
57,57.24,191,103,88,123,44,79
57,57.25,307,158,149,197,95,102
57,57.26,196,95,101,159,74,85
57,57.27,366,177,189,260,129,131
57,57.28,45,28,17,44,11,33
57,57.29,579,297,282,357,162,195
57,57.30,122,60,62,86,40,46
57,57.31,814,390,424,413,201,212
58,58.01,2017,878,1139,1131,636,495
58,58.02,1389,608,781,737,390,347
58,58.03,2316,1000,1316,1227,685,542
58,58.04,2005,905,1100,1117,628,489
58,58.05,2001,842,1159,1087,625,462
58,58.06,1950,877,1073,1114,582,532
58,58.07,1302,704,598,614,270,344
58,58.08,1120,555,565,717,325,392
58,58.09,519,249,270,305,157,148
58,58.10,557,282,275,305,133,172
58,58.11,1027,495,532,636,320,316
58,58.12,421,202,219,258,108,150
58,58.13,336,166,170,236,101,135
58,58.14,720,350,370,447,190,257
58,58.15,1228,632,596,703,318,385
58,58.16,1299,645,654,746,352,394
58,58.17,633,318,315,412,186,226
58,58.18,823,385,438,458,223,235
58,58.19,171,99,72,89,32,57
58,58.20,416,207,209,250,94,156
58,58.21,189,95,94,144,39,105
58,58.22,223,125,98,158,62,96
58,58.23,1617,805,812,938,435,503
58,58.24,1262,624,638,627,269,358
58,58.25,919,476,443,515,224,291
58,58.26,1020,477,543,666,304,362
58,58.27,531,251,280,314,155,159
58,58.28,224,108,116,172,80,92
58,58.29,114,55,59,78,42,36
58,58.30,323,165,158,200,86,114
58,58.31,569,277,292,367,152,215
58,58.32,359,176,183,225,114,111
58,58.33,222,114,108,145,60,85
58,58.34,773,383,390,463,204,259
58,58.35,854,412,442,519,228,291
58,58.36,1251,598,653,664,234,430
58,58.37,877,432,445,546,249,297
58,58.38,1051,507,544,627,262,365
58,58.39,343,175,168,221,100,121
58,58.40,284,133,151,190,89,101
58,58.41,105,64,41,69,22,47
58,58.42,730,357,373,491,213,278
58,58.43,569,253,316,378,197,181
58,58.44,1259,639,620,714,291,423
58,58.45,877,387,490,369,196,173
58,58.46,1068,516,552,590,269,321
58,58.47,889,474,415,516,196,320
58,58.48,1214,579,635,744,351,393
58,58.49,905,432,473,523,231,292
58,58.50,748,375,373,480,228,252
58,58.51,711,361,350,439,208,231
58,58.52,754,403,351,476,202,274
58,58.53,1098,489,609,625,317,308
58,58.54,457,231,226,321,155,166
58,58.55,953,483,470,544,232,312
58,58.56,742,389,353,414,160,254
58,58.57,872,380,492,484,263,221
58,58.58,0,,,202,11,191
59,59.01,910,400,510,518,273,245
59,59.02,2576,1127,1449,1302,711,591
59,59.03,1076,501,575,602,305,297
59,59.04,2385,1060,1325,1176,651,525
59,59.05,2416,1096,1320,1196,640,556
59,59.06,2122,984,1138,1197,653,544
59,59.07,2117,958,1159,1209,640,569
59,59.08,2944,1271,1673,1535,853,682
59,59.09,1411,594,817,857,483,374
59,59.10,1214,539,675,763,425,338
59,59.11,1408,598,810,817,442,375
59,59.12,1386,619,767,805,436,369
59,59.13,2732,1255,1477,1527,829,698
59,59.14,2242,1013,1229,1219,662,557
59,59.15,1382,609,773,835,478,357
59,59.16,2469,1091,1378,1460,815,645
59,59.17,2991,1317,1674,1603,913,690
59,59.18,2095,938,1157,1119,608,511
59,59.19,1073,455,618,528,312,216
59,59.20,1620,748,872,907,473,434
59,59.21,2499,1147,1352,1392,698,694
59,59.22,2800,1280,1520,1518,759,759
59,59.23,2811,1179,1632,1667,964,703
59,59.24,2954,1330,1624,1640,855,785
59,59.25,2591,1140,1451,1427,751,676
59,59.26,2195,921,1274,1253,703,550
59,59.27,2960,1270,1690,1522,831,691
59,59.28,1725,721,1004,956,563,393
59,59.29,2747,1161,1586,1437,809,628
59,59.30,1448,582,866,835,480,355
59,59.31,2626,1085,1541,1339,775,564
59,59.32,2817,1234,1583,1439,808,631
59,59.33,2887,1245,1642,1441,768,673
59,59.34,1319,551,768,678,399,279
59,59.35,2217,979,1238,1108,590,518
59,59.36,2850,1266,1584,1450,803,647
59,59.37,2573,1140,1433,1317,726,591
59,59.38,2499,1256,1243,1258,653,605
59,59.39,977,456,521,585,318,267
59,59.40,2158,983,1175,1106,569,537
59,59.41,2788,1237,1551,1485,816,669
59,59.42,2714,1237,1477,1558,842,716
59,59.43,2629,1143,1486,1222,667,555
59,59.44,2704,1187,1517,1419,737,682
59,59.45,2303,1000,1303,1152,648,504
59,59.46,1630,703,927,832,405,427
59,59.47,2560,1145,1415,1269,680,589
59,59.48,2162,957,1205,1015,539,476
59,59.49,2350,1044,1306,1098,594,504
59,59.50,1067,457,610,536,288,248
59,59.51,1236,534,702,626,348,278
59,59.52,2545,1130,1415,1294,675,619
59,59.53,2508,1079,1429,1260,707,553
59,59.54,2419,1079,1340,1258,636,622
59,59.55,2057,902,1155,1055,570,485
59,59.56,2371,1040,1331,1211,642,569
59,59.57,2789,1208,1581,1478,825,653
59,59.58,2338,1022,1316,1242,703,539
59,59.59,2698,1178,1520,1379,769,610
59,59.60,2640,1163,1477,1358,772,586
59,59.61,1981,859,1122,980,561,419
59,59.62,2544,1119,1425,1327,707,620
59,59.63,2460,1068,1392,1419,772,647
59,59.64,2214,990,1224,1177,628,549
59,59.65,2344,1036,1308,1291,681,610
59,59.66,1457,635,822,844,464,380
59,59.67,1469,686,783,812,409,403
59,59.68,1423,574,849,762,453,309
59,59.69,1094,481,613,556,297,259
59,59.70,1424,606,818,762,444,318
59,59.71,1366,649,717,811,430,381
59,59.72,0,,,211,20,191
60,60.01,1293,586,707,833,457,376
60,60.02,2282,1064,1218,1406,788,618
60,60.03,2033,886,1147,1217,688,529
60,60.04,1007,440,567,635,333,302
60,60.05,2363,1012,1351,1373,798,575
60,60.06,1942,879,1063,1333,696,637
60,60.07,2121,936,1185,1202,664,538
60,60.08,2465,1257,1208,1389,581,808
60,60.09,1831,928,903,1176,511,665
60,60.10,723,334,389,523,260,263
60,60.11,341,154,187,232,121,111
60,60.12,1982,1030,952,1195,526,669
60,60.13,961,492,469,566,238,328
60,60.14,879,443,436,585,276,309
60,60.15,1246,621,625,814,388,426
60,60.16,800,399,401,562,273,289
60,60.17,1386,654,732,850,434,416
60,60.18,1796,877,919,1064,466,598
60,60.19,973,467,506,655,358,297
60,60.20,945,451,494,658,299,359
60,60.21,1045,501,544,631,307,324
60,60.22,696,338,358,430,203,227
60,60.23,1149,582,567,701,307,394
60,60.24,1976,952,1024,1292,646,646
60,60.25,1464,731,733,975,428,547
60,60.26,1130,558,572,744,350,394
60,60.27,2074,1038,1036,1154,668,486
60,60.28,642,307,335,382,177,205
60,60.29,653,336,317,475,218,257
60,60.30,818,392,426,531,260,271
60,60.31,1151,572,579,656,317,339
60,60.32,1086,564,522,642,265,377
60,60.33,1325,668,657,808,369,439
60,60.34,802,417,385,521,225,296
60,60.35,1918,892,1026,1151,572,579
60,60.36,519,255,264,352,171,181
60,60.37,1312,677,635,704,274,430
60,60.38,1395,710,685,917,357,560
60,60.39,1437,694,743,859,425,434
60,60.40,1380,683,697,918,409,509
60,60.41,767,394,373,519,240,279
60,60.42,926,465,461,558,255,303
60,60.43,783,337,446,487,274,213
60,60.44,651,347,304,331,105,226
60,60.45,1820,905,915,1041,429,612
60,60.46,0,,,127,20,107
61,61.01,1381,644,737,797,400,397
61,61.02,2330,1043,1287,1287,653,634
61,61.03,2106,964,1142,1165,612,553
61,61.04,956,479,477,599,272,327
61,61.05,375,202,173,241,103,138
61,61.06,810,402,408,577,281,296
61,61.07,910,442,468,574,254,320
61,61.08,1187,592,595,784,328,456
61,61.09,811,415,396,497,191,306
61,61.10,693,357,336,446,221,225
61,61.11,1387,683,704,881,439,442
61,61.12,758,382,376,486,234,252
61,61.13,533,269,264,353,174,179
61,61.14,806,385,421,509,257,252
61,61.15,323,162,161,211,118,93
61,61.16,359,183,176,231,114,117
61,61.17,480,226,254,330,165,165
61,61.18,627,333,294,385,165,220
61,61.19,829,393,436,458,227,231
61,61.20,1154,542,612,663,306,357
61,61.21,1326,682,644,751,284,467
61,61.22,918,432,486,585,286,299
61,61.23,1480,720,760,862,414,448
61,61.24,1322,672,650,834,357,477
61,61.25,459,234,225,261,118,143
61,61.26,286,144,142,174,90,84
61,61.27,572,296,276,339,143,196
61,61.28,483,270,213,297,118,179
61,61.29,341,171,170,222,97,125
61,61.30,624,299,325,388,173,215
61,61.31,628,325,303,362,180,182
62,62.01,1705,792,913,1166,601,565
62,62.02,661,325,336,456,220,236
62,62.03,470,241,229,302,127,175
62,62.04,767,380,387,450,195,255
62,62.05,551,276,275,409,188,221
62,62.06,849,419,430,573,246,327
62,62.07,627,312,315,372,166,206
62,62.08,101,46,55,76,37,39
62,62.09,376,185,191,227,111,116
62,62.10,328,171,157,249,119,130
62,62.11,250,140,110,174,74,100
62,62.12,213,112,101,151,64,87
62,62.13,283,149,134,194,87,107
62,62.14,248,134,114,178,80,98
62,62.15,916,460,456,656,297,359
62,62.16,804,391,413,569,270,299
62,62.17,228,124,104,170,60,110
62,62.18,195,90,105,151,99,52
62,62.19,309,151,158,172,74,98
62,62.20,295,153,142,212,102,110
62,62.21,320,165,155,243,107,136
62,62.22,638,332,306,383,165,218
62,62.23,687,338,349,494,238,256
62,62.24,517,264,253,391,181,210
62,62.25,878,431,447,549,240,309
62,62.26,520,256,264,404,216,188
62,62.27,661,314,347,443,227,216
62,62.28,184,85,99,127,64,63
62,62.29,899,456,443,621,283,338
62,62.30,409,214,195,250,107,143
62,62.31,949,465,484,587,274,313
62,62.32,124,60,64,92,48,44
62,62.33,404,192,212,262,118,144
63,63.01,1942,858,1084,1173,630,543
63,63.02,1635,749,886,1000,495,505
63,63.03,1355,638,717,849,425,424
63,63.04,523,281,242,374,167,207
63,63.05,973,503,470,676,314,362
63,63.06,765,395,370,519,212,307
63,63.07,1486,693,793,931,481,450
63,63.08,867,437,430,557,252,305
63,63.09,1106,532,574,666,358,308
63,63.10,547,276,271,374,177,197
63,63.11,1300,645,655,825,378,447
63,63.12,1107,575,532,739,346,393
63,63.13,715,372,343,453,199,254
63,63.14,957,460,497,571,255,316
63,63.15,659,328,331,444,204,240
63,63.16,914,448,466,618,300,318
63,63.17,930,461,469,604,277,327
63,63.18,685,362,323,470,219,251
63,63.19,485,235,250,154,123,31
63,63.20,776,372,404,504,230,274
64,64.01,1931,851,1080,1090,612,478
64,64.02,926,416,510,560,287,273
64,64.03,986,447,539,579,296,283
64,64.04,964,424,540,569,303,266
64,64.05,1021,440,581,520,285,235
64,64.06,527,245,282,298,146,152
64,64.07,1249,576,673,773,364,409
64,64.08,1391,650,741,776,386,390
64,64.09,1365,652,713,757,382,375
64,64.10,1193,535,658,686,342,344
64,64.11,727,319,408,389,208,181
64,64.12,1311,593,718,727,380,347
64,64.13,1463,684,779,747,382,365
64,64.14,2287,1014,1273,1204,629,575
64,64.15,2530,1160,1370,1340,695,645
64,64.16,2174,994,1180,1133,569,564
64,64.17,1296,654,642,793,343,450
64,64.18,810,395,415,556,252,304
64,64.19,508,267,241,333,136,197
64,64.20,962,500,462,647,290,357
64,64.21,458,227,231,319,139,180
64,64.22,1349,638,711,816,375,441
64,64.23,507,251,256,333,148,185
64,64.24,642,312,330,455,213,242
64,64.25,197,98,99,122,58,64
64,64.26,955,480,475,625,281,344
64,64.27,1929,933,996,1105,482,623
64,64.28,1072,532,540,645,305,340
64,64.29,586,288,298,422,201,221
64,64.30,567,283,284,372,158,214
64,64.31,647,309,338,379,179,200
64,64.32,1342,654,688,822,390,432
64,64.33,755,368,387,440,195,245
64,64.34,608,284,324,403,203,200
64,64.35,508,260,248,327,151,176
64,64.36,418,227,191,265,104,161
65,65.01,1526,753,773,943,460,483
65,65.02,1652,754,898,1028,511,517
65,65.03,1268,626,642,856,412,444
65,65.04,1016,475,541,628,311,317
65,65.05,568,275,293,345,154,191
65,65.06,1036,558,478,671,300,371
65,65.07,593,306,287,384,164,220
65,65.08,539,257,282,360,182,178
65,65.09,977,486,491,615,301,314
65,65.10,814,403,411,544,260,284
65,65.11,690,340,350,498,242,256
65,65.12,700,369,331,506,209,297
65,65.13,1269,623,646,798,395,403
65,65.14,757,409,348,481,209,272
65,65.15,532,269,263,399,209,190
65,65.16,360,186,174,316,154,162
65,65.17,727,351,376,410,199,211
65,65.18,847,434,413,510,230,280
65,65.19,824,410,414,550,269,281
65,65.20,479,256,223,323,142,181
65,65.21,1174,602,572,723,321,402
65,65.22,607,306,301,413,198,215
65,65.23,455,242,213,321,125,196
65,65.24,367,202,165,231,75,156
65,65.25,868,447,421,577,231,346
65,65.26,1377,693,684,842,406,436
65,65.27,886,458,428,536,243,293
65,65.28,696,357,339,479,200,279
65,65.29,700,352,348,469,221,248
65,65.30,1096,536,560,699,340,359
65,65.31,662,320,342,470,226,244
65,65.32,1271,647,624,735,322,413
65,65.33,1221,625,596,760,321,439
65,65.34,980,476,504,736,359,377
65,65.35,1288,659,629,788,363,425
66,66.01,2322,1019,1303,1318,734,584
66,66.02,1962,932,1030,1138,543,595
66,66.03,2386,1169,1217,1431,691,740
66,66.04,1406,722,684,858,392,466
66,66.05,1137,596,541,673,267,406
66,66.06,566,278,288,395,199,196
66,66.07,1592,808,784,979,411,568
66,66.08,743,366,377,417,186,231
66,66.09,461,232,229,292,141,151
66,66.10,840,415,425,490,146,344
66,66.11,1989,988,1001,1112,525,587
66,66.12,587,287,300,424,213,211
66,66.13,1409,693,716,934,426,508
66,66.14,382,208,174,261,118,143
66,66.15,1883,944,939,1168,535,633
66,66.16,329,188,141,227,87,140
66,66.17,420,223,197,327,142,185
66,66.18,572,264,308,430,207,223
66,66.19,1436,708,728,811,363,448
66,66.20,538,274,264,356,176,180
66,66.21,1605,823,782,923,423,500
66,66.22,239,115,124,167,85,82
66,66.23,1098,570,528,689,284,405
66,66.24,598,313,285,389,162,227
67,67.01,1925,860,1065,1060,590,470
67,67.02,2216,1019,1197,1030,536,494
67,67.03,1095,496,599,609,240,369
67,67.04,566,255,311,335,166,169
67,67.05,1850,842,1008,782,418,364
67,67.06,2994,1419,1575,1244,683,561
67,67.07,2554,1109,1445,1203,702,501
67,67.08,2253,1037,1216,1092,594,498
67,67.09,2308,1070,1238,1168,610,558
67,67.10,2085,918,1167,1044,535,509
67,67.11,2201,961,1240,1028,558,470
67,67.12,2705,1210,1495,1274,700,574
67,67.13,1448,662,786,756,387,369
67,67.14,1440,656,784,683,346,337
67,67.15,2356,1058,1298,1032,516,516
67,67.16,2628,1179,1449,1202,626,576
67,67.17,2763,1250,1513,1222,629,593
67,67.18,2797,1183,1614,898,512,386
67,67.19,1210,550,660,606,285,321
67,67.20,2413,1067,1346,1060,582,478
67,67.21,2009,908,1101,901,501,400
67,67.22,2174,983,1191,598,289,309
67,67.23,3060,1420,1640,1273,678,595
67,67.24,2413,1083,1330,883,499,384
67,67.25,1180,599,581,694,317,377
67,67.26,1103,520,583,520,239,281
67,67.27,551,260,291,280,135,145
67,67.28,2425,1158,1267,998,463,535
67,67.29,1287,638,649,647,337,310
67,67.30,2011,968,1043,945,440,505
67,67.31,1229,613,616,644,298,346
67,67.32,1019,484,535,447,200,247
67,67.33,535,270,265,297,118,179
67,67.34,524,278,246,328,135,193
67,67.35,2423,1152,1271,1137,520,617
67,67.36,611,297,314,330,154,176
67,67.37,915,448,467,493,222,271
67,67.38,1041,526,515,637,288,349
67,67.39,1061,516,545,602,255,347
67,67.40,2630,1271,1359,1100,508,592
67,67.41,2443,1153,1290,1148,569,579
67,67.42,2523,1221,1302,1073,520,553
67,67.43,1558,744,814,782,338,444
67,67.44,1675,829,846,811,389,422
67,67.45,1896,922,974,1061,520,541
67,67.46,1372,648,724,721,334,387
67,67.47,1391,691,700,791,367,424
67,67.48,1427,712,715,728,332,396
67,67.49,937,479,458,457,194,263
67,67.50,1435,738,697,637,288,349
67,67.51,1215,584,631,561,264,297
67,67.52,1125,577,548,677,274,403
67,67.53,1757,885,872,840,388,452
67,67.54,1975,969,1006,1014,495,519
67,67.55,2678,1309,1369,985,494,491
67,67.56,596,283,313,244,124,120
67,67.57,1412,631,781,537,297,240
67,67.58,737,362,375,435,204,231
67,67.59,1284,637,647,732,353,379
67,67.60,1809,891,918,887,402,485
67,67.61,931,462,469,541,250,291
67,67.62,930,437,493,411,204,207
67,67.63,1696,824,872,746,356,390
67,67.64,896,427,469,461,215,246
67,67.65,1734,850,884,909,394,515
67,67.66,1155,567,588,626,307,319
67,67.67,1493,708,785,748,351,397
67,67.68,1865,851,1014,837,418,419
67,67.69,1407,686,721,729,341,388
67,67.70,1608,814,794,887,407,480
68,68.01,1317,591,726,835,445,390
68,68.02,1130,554,576,729,362,367
68,68.03,2486,1159,1327,1509,752,757
68,68.04,420,191,229,248,132,116
68,68.05,979,472,507,569,272,297
68,68.06,2218,1082,1136,896,430,466
68,68.07,2137,949,1188,814,429,385
68,68.08,694,336,358,472,220,252
68,68.09,1405,702,703,745,318,427
68,68.10,1168,577,591,622,300,322
68,68.11,545,260,285,354,167,187
68,68.12,750,377,373,533,232,301
68,68.13,609,313,296,330,200,130
68,68.14,1269,608,661,882,383,499
68,68.15,1205,631,574,798,346,452
68,68.16,1631,853,778,1011,448,563
68,68.17,2183,1077,1106,728,326,402
68,68.18,616,317,299,391,175,216
68,68.19,1122,580,542,585,270,315
68,68.20,537,265,272,171,88,83
68,68.21,1896,942,954,1205,542,663
68,68.22,1230,592,638,722,348,374
69,69.01,1796,814,982,1093,559,534
69,69.02,1716,836,880,1076,481,595
69,69.03,1487,784,703,1009,447,562
69,69.04,970,480,490,642,302,340
69,69.05,525,269,256,380,163,217
69,69.06,1531,761,770,1043,501,542
69,69.07,1721,839,882,1061,485,576
69,69.08,1230,652,578,793,357,436
69,69.09,1069,535,534,726,329,397
69,69.10,1789,890,899,1263,608,655
69,69.11,323,172,151,241,95,146
69,69.12,1440,744,696,923,414,509
69,69.13,1363,683,680,836,403,433
69,69.14,1332,680,652,845,341,504
69,69.15,1655,795,860,1103,550,553
69,69.16,882,452,430,585,274,311
70,70.01,1383,617,766,789,435,354
70,70.02,2171,1006,1165,1309,657,652
70,70.03,2282,1089,1193,1314,630,684
70,70.04,2193,1035,1158,1257,637,620
70,70.05,1413,654,759,828,404,424
70,70.06,1980,945,1035,1000,486,514
70,70.07,1426,658,768,885,427,458
70,70.08,1258,574,684,748,409,339
70,70.09,1414,657,757,891,443,448
70,70.10,1411,652,759,767,366,401
70,70.11,1409,631,778,762,405,357
70,70.12,2350,1050,1300,1409,755,654
70,70.13,1408,642,766,808,452,356
70,70.14,1578,694,884,867,506,361
70,70.15,1460,645,815,791,376,415
70,70.16,2586,1192,1394,1375,663,712
70,70.17,1226,591,635,655,322,333
70,70.18,1753,827,926,929,452,477
70,70.19,1418,670,748,791,397,394
70,70.20,1304,611,693,651,322,329
70,70.21,1506,717,789,732,369,363
70,70.22,2398,1092,1306,1289,704,585
70,70.23,3185,1451,1734,1259,682,577
79,79.01,1918,842,1076,1101,614,487
79,79.02,2449,1065,1384,1432,856,576
79,79.03,2714,1139,1575,1577,937,640
79,79.04,2982,1286,1696,1615,926,689
79,79.05,2719,1185,1534,1625,929,696
79,79.06,1441,644,797,932,516,416
79,79.07,2351,1028,1323,1429,812,617
79,79.08,2681,1162,1519,1649,944,705
79,79.09,1564,670,894,1018,603,415
79,79.10,1813,783,1030,1144,650,494
79,79.11,1727,750,977,1060,600,460
79,79.12,1716,718,998,1113,659,454
79,79.13,1685,715,970,1079,638,441
79,79.14,1582,671,911,1008,586,422
79,79.15,1573,677,896,951,566,385
79,79.16,1702,771,931,1096,606,490
79,79.17,1620,717,903,974,553,421
79,79.18,1428,613,815,870,490,380
79,79.19,2031,857,1174,1194,676,518
79,79.20,1609,697,912,902,503,399
79,79.21,1673,778,895,999,543,456
79,79.22,1680,743,937,1125,627,498
79,79.23,1883,867,1016,1234,668,566
79,79.24,3043,1370,1673,1633,950,683
79,79.25,1404,671,733,888,466,422
79,79.26,1710,767,943,1037,570,467
79,79.27,1492,693,799,880,453,427
79,79.28,1667,722,945,1014,569,445
79,79.29,1849,797,1052,1051,596,455
79,79.30,1734,769,965,1096,601,495
79,79.31,1876,842,1034,1003,568,435
79,79.32,2853,1269,1584,1643,929,714
79,79.33,1603,700,903,984,564,420
79,79.34,1403,637,766,899,503,396
79,79.35,1589,680,909,947,549,398
79,79.36,1373,637,736,789,414,375
79,79.37,1522,688,834,910,499,411
79,79.38,1738,770,968,1136,627,509
79,79.39,1482,646,836,867,490,377
79,79.40,1646,777,869,1013,540,473
79,79.41,1520,653,867,972,541,431
79,79.42,1873,817,1056,1101,609,492
79,79.43,2827,1282,1545,1526,823,703
79,79.44,1609,710,899,957,498,459
79,79.45,1617,745,872,1060,564,496
79,79.46,2868,1306,1562,1230,684,546
79,79.47,1810,802,1008,1045,576,469
79,79.48,1589,706,883,1068,588,480
79,79.49,2142,965,1177,1256,664,592
79,79.50,2197,1003,1194,1320,720,600
79,79.51,2907,1259,1648,1639,895,744
79,79.52,1381,666,715,876,430,446
79,79.53,1358,632,726,904,468,436
79,79.54,1573,788,785,1061,511,550
79,79.55,1410,659,751,832,416,416
79,79.56,1525,731,794,885,450,435
79,79.57,1551,816,735,990,435,555
79,79.58,1230,601,629,755,387,368
79,79.59,1409,681,728,890,427,463
79,79.60,1465,717,748,967,447,520
79,79.61,1046,476,570,656,332,324
79,79.62,1584,773,811,963,453,510
79,79.63,1424,682,742,907,441,466
79,79.64,1395,651,744,806,430,376
79,79.65,802,398,404,543,231,312
79,79.66,2602,1205,1397,1610,812,798
79,79.67,1581,698,883,1039,587,452
79,79.68,1556,693,863,1030,592,438
79,79.69,1772,746,1026,1089,616,473
79,79.70,1762,790,972,1076,582,494
79,79.71,1678,748,930,1037,583,454
79,79.72,1504,680,824,864,445,419
79,79.73,1647,776,871,975,511,464
79,79.74,1526,684,842,862,483,379
79,79.75,1550,688,862,969,543,426
79,79.76,1521,651,870,937,536,401
79,79.77,1701,795,906,1068,554,514
79,79.78,1197,583,614,756,389,367
79,79.79,1183,503,680,685,393,292
79,79.80,1409,650,759,870,468,402
79,79.81,1171,565,606,787,392,395
79,79.82,1432,741,691,900,407,493
79,79.83,1049,518,531,689,349,340
79,79.84,1508,738,770,963,481,482
79,79.85,1681,856,825,1111,497,614
79,79.86,1538,740,798,1112,549,563
79,79.87,1553,741,812,1032,536,496
79,79.88,1223,588,635,782,385,397
79,79.89,2376,1051,1325,1853,1060,793
79,79.90,0,,,51,13,38
80,80.01,1332,617,715,1043,520,523
80,80.02,854,426,428,666,301,365
80,80.03,299,167,132,246,104,142
80,80.04,502,242,260,393,195,198
80,80.05,266,140,126,207,117,90
80,80.06,410,210,200,303,122,181
80,80.07,630,312,318,462,210,252
80,80.08,298,158,140,232,100,132
80,80.09,583,308,275,410,177,233
80,80.10,369,187,182,287,134,153
80,80.11,403,213,190,301,130,171
80,80.12,442,227,215,346,164,182
80,80.13,702,356,346,531,232,299
80,80.14,577,305,272,401,169,232
80,80.15,739,367,372,526,241,285
80,80.16,563,270,293,381,187,194
80,80.17,859,446,413,665,300,365
80,80.18,187,107,80,158,68,90
80,80.19,469,247,222,361,152,209
80,80.20,276,144,132,227,105,122
80,80.21,484,238,246,386,189,197
80,80.22,443,235,208,358,147,211
80,80.23,221,119,102,173,78,95
80,80.24,514,268,246,389,169,220
80,80.25,494,253,241,372,175,197
80,80.26,525,273,252,200,171,29
80,80.27,404,203,201,302,119,183
80,80.28,1233,612,621,947,408,539
80,80.29,503,251,252,353,159,194
81,81.01,834,366,468,591,314,277
81,81.02,1013,438,575,583,331,252
81,81.03,1125,540,585,641,334,307
81,81.04,896,407,489,538,269,269
81,81.05,2258,1007,1251,1352,722,630
81,81.06,650,292,358,437,241,196
81,81.07,1698,741,957,995,537,458
81,81.08,1206,532,674,746,415,331
81,81.09,816,373,443,524,282,242
81,81.10,1283,585,698,809,441,368
81,81.11,1358,624,734,873,436,437
81,81.12,1045,497,548,707,339,368
81,81.13,328,176,152,234,111,123
81,81.14,1951,949,1002,1193,549,644
81,81.15,1536,798,738,1061,495,566
81,81.16,1027,519,508,712,321,391
81,81.17,1274,663,611,882,383,499
81,81.18,562,303,259,361,147,214
81,81.19,702,355,347,486,245,241
81,81.20,845,425,420,570,242,328
81,81.21,1112,582,530,767,320,447
81,81.22,2319,1175,1144,1239,512,727
81,81.23,592,320,272,393,151,242
81,81.24,1262,643,619,818,376,442
81,81.25,1211,611,600,800,357,443
81,81.26,206,109,97,155,66,89
81,81.27,1273,630,643,390,197,193
81,81.28,1149,571,578,701,323,378
81,81.29,843,437,406,534,235,299
81,81.30,1109,524,585,663,316,347
81,81.31,1376,706,670,889,433,456
81,81.32,1930,1006,924,1149,445,704
81,81.33,1514,775,739,958,432,526
81,81.34,478,256,222,298,124,174
81,81.35,1286,672,614,741,320,421
81,81.36,2023,1043,980,1136,468,668
81,81.37,1719,895,824,1027,427,600
81,81.38,535,284,251,332,123,209
81,81.39,599,295,304,366,153,213
81,81.40,786,406,380,481,197,284
81,81.41,955,468,487,581,250,331
81,81.42,2082,967,1115,1235,621,614
81,81.43,1888,958,930,1061,459,602
81,81.44,1286,691,595,891,322,569
81,81.45,645,327,318,427,169,258
81,81.46,1212,657,555,753,345,408
81,81.47,655,335,320,435,199,236
81,81.48,976,480,496,523,228,295
81,81.49,892,457,435,520,205,315
81,81.50,1488,793,695,1027,480,547
81,81.51,1065,533,532,703,291,412
81,81.52,1416,724,692,853,365,488
81,81.53,925,478,447,602,250,352
81,81.54,1416,746,670,793,315,478
81,81.55,1401,710,691,911,404,507
81,81.56,1299,659,640,811,333,478
81,81.57,905,452,453,581,264,317
82,82.01,1023,486,537,685,322,363
82,82.02,217,116,101,127,63,64
82,82.03,323,157,166,239,120,119
82,82.04,415,221,194,250,117,133
82,82.05,463,241,222,305,121,184
82,82.06,380,212,168,237,98,139
82,82.07,163,86,77,106,51,55
82,82.08,110,56,54,73,36,37
82,82.09,326,162,164,220,94,126
82,82.10,320,173,147,240,111,129
82,82.11,129,63,66,94,44,50
82,82.12,200,101,99,138,61,77
82,82.13,155,74,81,118,55,63
82,82.14,598,303,295,395,174,221
82,82.15,644,330,314,424,176,248
82,82.16,614,321,293,436,191,245
82,82.17,423,216,207,295,130,165
82,82.18,182,82,100,138,75,63
82,82.19,96,41,55,83,45,38
82,82.20,336,165,171,227,106,121
82,82.21,206,98,108,157,77,80
82,82.22,123,62,61,90,48,42
82,82.23,443,233,210,313,127,186
82,82.24,184,94,90,139,62,77
82,82.25,255,141,114,174,76,98
82,82.26,228,112,116,150,65,85
82,82.27,243,126,117,168,75,93
82,82.28,462,241,221,317,133,184
82,82.29,260,136,124,199,95,104
82,82.30,193,96,97,149,53,96
82,82.31,300,153,147,220,98,122
82,82.32,182,93,89,131,58,73
82,82.33,138,77,61,87,31,56
82,82.34,239,123,116,156,76,80
82,82.35,177,89,88,0,0,0
82,82.36,283,148,135,152,56,96
82,82.37,247,125,122,135,40,95
82,82.38,417,205,212,273,137,136
82,82.39,461,238,223,281,136,145
82,82.40,258,132,126,178,72,106
82,82.41,349,172,177,217,99,118
82,82.42,365,187,178,241,98,143
82,82.43,394,194,200,271,116,155
82,82.44,159,85,74,140,62,78
82,82.45,270,130,140,179,83,96
82,82.46,196,96,100,134,53,81
82,82.47,213,107,106,162,81,81
82,82.48,92,51,41,74,32,42
83,83.01,1251,636,615,835,411,424
83,83.02,1009,494,515,670,301,369
83,83.03,1341,661,680,924,435,489
83,83.04,487,259,228,320,150,170
83,83.05,2206,1159,1047,1444,644,800
83,83.06,763,408,355,541,244,297
83,83.07,1458,730,728,924,452,472
83,83.08,832,419,413,556,237,319
83,83.09,573,292,281,379,167,212
83,83.10,1277,675,602,810,319,491
83,83.11,1167,619,548,742,349,393
83,83.12,1277,649,628,754,317,437
83,83.13,1389,706,683,863,375,488
83,83.14,1131,600,531,729,313,416
83,83.15,1261,666,595,779,314,465
83,83.16,2440,1258,1182,1358,587,771
83,83.17,1774,901,873,1047,465,582
83,83.18,1158,602,556,641,258,383
83,83.19,1056,559,497,638,273,365
83,83.20,931,468,463,586,271,315
83,83.21,1436,742,694,868,420,448
83,83.22,539,280,259,356,172,184
83,83.23,431,206,225,290,139,151
83,83.24,726,369,357,612,264,348
83,83.25,1195,680,515,853,347,506
83,83.26,1270,656,614,892,379,513
83,83.27,1442,704,738,1035,452,583
83,83.28,1163,590,573,789,362,427
83,83.29,1001,530,471,646,266,380
83,83.30,1875,963,912,1347,581,766
83,83.31,826,438,388,551,239,312
83,83.32,1431,743,688,876,359,517
83,83.33,266,147,119,190,84,106
83,83.34,1300,681,619,890,424,466
83,83.35,628,320,308,410,195,215
83,83.36,536,268,268,349,75,274
83,83.37,339,176,163,258,116,142
83,83.38,497,260,237,325,142,183
83,83.39,328,168,160,256,125,131
83,83.40,752,383,369,598,250,348
83,83.41,509,258,251,369,182,187
84,84.01,1614,725,889,1139,582,557
84,84.02,475,234,241,286,126,160
84,84.03,365,176,189,221,96,125
84,84.04,875,455,420,588,252,336
84,84.05,531,262,269,331,153,178
84,84.06,370,197,173,232,88,144
84,84.07,606,298,308,364,172,192
84,84.08,440,223,217,296,136,160
84,84.09,424,225,199,299,127,172
84,84.10,637,342,295,432,181,251
84,84.11,963,488,475,673,278,395
84,84.12,352,184,168,248,102,146
84,84.13,555,280,275,345,152,193
84,84.14,342,173,169,207,87,120
84,84.15,352,165,187,242,114,128
84,84.16,634,325,309,393,163,230
84,84.17,1101,540,561,775,358,417
84,84.18,753,374,379,555,240,315
84,84.19,213,101,112,144,65,79
84,84.20,295,139,156,192,97,95
84,84.21,236,127,109,115,47,68
84,84.22,717,394,323,343,126,217
84,84.23,554,277,277,395,173,222
84,84.24,400,193,207,253,131,122
84,84.25,451,233,218,276,134,142
84,84.26,428,222,206,275,114,161
84,84.27,307,153,154,137,53,84
84,84.28,235,119,116,144,62,82
84,84.29,205,107,98,147,63,84
84,84.30,478,263,215,290,119,171
84,84.31,595,297,298,364,163,201
84,84.32,325,166,159,188,92,96
84,84.33,162,88,74,93,41,52
84,84.34,246,123,123,151,69,82
84,84.35,419,213,206,262,111,151
84,84.36,406,193,213,235,101,134
84,84.37,219,97,122,124,61,63
84,84.38,432,225,207,259,106,153
84,84.39,496,244,252,283,127,156
84,84.40,535,264,271,336,134,202
84,84.41,583,302,281,320,143,177
84,84.42,150,75,75,76,30,46
84,84.43,199,112,87,88,39,49
84,84.44,290,149,141,183,74,109
84,84.45,261,134,127,205,91,114
84,84.46,122,60,62,80,41,39
84,84.47,115,63,52,61,26,35
84,84.48,387,184,203,238,108,130
84,84.49,354,183,171,262,112,150
84,84.50,285,145,140,180,71,109
84,84.51,165,80,85,106,50,56
84,84.52,265,131,134,202,97,105
84,84.53,302,152,150,182,86,96
