district_id,division_id,participated,participated_men,participated_women,total_registered_voters,total_registered_voters_men,total_registered_voters_women
01,00.01.01,1511,619,892,2511,1037,1474
01,00.01.02,930,355,575,1425,584,841
01,00.01.03,719,305,414,1159,506,653
01,00.01.04,925,382,543,1537,653,884
01,00.01.05,1080,489,591,1513,655,858
01,00.01.06,872,359,513,1407,600,807
01,00.01.07,1020,416,604,1576,665,911
01,00.01.08,959,367,592,1499,605,894
01,00.01.09,920,374,546,1482,623,859
01,00.01.10,1025,401,624,1475,606,869
01,00.01.11,1544,671,873,2528,1080,1448
01,00.01.12,778,312,466,1238,493,745
01,00.01.13,781,319,462,1163,485,678
01,00.01.14,914,382,532,1388,600,788
01,00.01.15,924,564,360,1426,592,834
01,00.01.16,1674,744,930,2461,1065,1396
01,00.01.17,1472,628,844,2301,987,1314
01,00.01.18,912,372,540,1441,617,824
01,00.01.19,916,373,543,1375,573,802
01,00.01.20,1041,435,606,1434,602,832
01,00.01.21,933,378,555,1345,555,790
01,00.01.22,1084,413,671,1529,621,908
01,00.01.23,1471,630,841,2231,952,1279
01,00.01.24,1474,647,827,2294,1025,1269
01,00.01.25,1190,482,708,1679,707,972
01,00.01.26,977,418,559,1353,571,782
01,00.01.27,935,387,548,1325,553,772
01,00.01.28,992,383,609,1473,598,875
01,00.01.29,1258,549,709,1838,787,1051
01,00.01.30,852,440,412,1207,601,606
01,00.01.31,1035,501,534,1437,672,765
01,00.01.32,1249,606,643,1792,840,952
01,00.01.33,865,392,473,1347,587,760
01,00.01.34,217,121,96,351,187,164
02,00.02.01,1101,476,625,1485,638,847
02,00.02.02,1036,450,586,1438,625,813
02,00.02.03,1140,470,670,1614,671,943
02,00.02.04,1138,478,660,1574,661,913
02,00.02.05,1259,530,729,1682,715,967
02,00.02.06,989,393,596,1345,543,802
02,00.02.07,820,358,462,1124,501,623
02,00.02.08,1120,454,666,1675,714,961
02,00.02.09,927,386,541,1346,589,757
02,00.02.10,996,387,609,1367,551,816
02,00.02.11,973,408,565,1325,557,768
02,00.02.12,1032,436,596,1390,588,802
02,00.02.13,1124,494,630,1577,680,897
02,00.02.14,1206,499,707,1681,703,978
02,00.02.15,1251,537,714,1801,788,1013
02,00.02.16,904,364,540,1235,512,723
02,00.02.17,919,360,559,1251,512,739
02,00.02.18,1111,457,654,1578,664,914
02,00.02.19,1014,413,601,1725,734,991
02,00.02.20,1216,498,718,1634,687,947
02,00.02.21,1124,488,636,1557,674,883
02,00.02.22,1538,637,901,2390,1024,1366
02,00.02.23,890,349,541,1210,499,711
02,00.02.24,1176,511,665,1728,742,986
02,00.02.25,1207,505,702,1688,716,972
02,00.02.26,1103,463,640,1748,758,990
02,00.02.27,1369,555,814,2376,1009,1367
02,00.02.28,1043,489,554,1536,694,842
02,00.02.29,716,353,363,1025,472,553
02,00.02.30,1500,657,843,2475,1080,1395
02,00.02.31,1349,635,714,2069,953,1116
02,00.02.32,1719,749,970,2544,1155,1389
02,00.02.33,1040,431,609,1409,598,811
02,00.02.34,970,382,588,1409,581,828
02,00.02.35,930,385,545,1329,562,767
02,00.02.36,955,366,589,1319,506,813
02,00.02.37,1152,627,525,1600,645,955
02,00.02.38,865,340,525,1269,490,779
02,00.02.39,1113,415,698,1588,615,973
02,00.02.40,1217,508,709,1756,737,1019
02,00.02.41,879,388,491,1263,542,721
02,00.02.42,874,364,510,1299,545,754
02,00.02.43,912,357,555,1298,526,772
02,00.02.44,936,372,564,1330,540,790
02,00.02.45,1474,583,891,2148,862,1286
02,00.02.46,1152,467,685,1691,672,1019
02,00.02.47,946,346,600,1436,550,886
02,00.02.48,1083,446,637,1498,626,872
02,00.02.49,850,349,501,1287,544,743
02,00.02.50,1553,600,953,2376,958,1418
02,00.02.51,1452,602,850,2078,863,1215
02,00.02.52,979,423,556,1428,596,832
02,00.02.53,1473,607,866,2089,845,1244
02,00.02.54,1327,565,762,1876,802,1074
02,00.02.55,783,323,460,1140,467,673
02,00.02.56,950,388,562,1369,562,807
02,00.02.57,1251,547,704,1658,742,916
02,00.02.58,1157,480,677,1666,700,966
02,00.02.59,1041,427,614,1385,553,832
02,00.02.60,1083,454,629,1524,659,865
02,00.02.61,935,400,535,1368,593,775
02,00.02.62,1757,725,1032,2514,1038,1476
02,00.02.63,941,402,539,1353,581,772
02,00.02.64,409,189,220,711,321,390
02,00.02.65,933,405,528,1291,564,727
02,00.02.66,952,428,524,1359,617,742
02,00.02.67,1796,772,1024,2468,1065,1403
02,00.02.68,998,440,558,1456,641,815
02,00.02.69,1129,484,645,1728,742,986
02,00.02.70,418,207,211,569,283,286
03,00.03.01,1270,528,742,1825,782,1043
03,00.03.02,1084,443,641,1547,656,891
03,00.03.03,1067,444,623,1503,640,863
03,00.03.04,919,408,511,1311,604,707
03,00.03.05,1124,467,657,1684,688,996
03,00.03.06,1100,453,647,1661,711,950
03,00.03.07,984,409,575,1465,600,865
03,00.03.08,977,402,575,1373,569,804
03,00.03.09,867,351,516,1240,527,713
03,00.03.10,992,420,572,1423,602,821
03,00.03.11,834,347,487,1192,500,692
03,00.03.12,921,357,564,1282,504,778
03,00.03.13,943,382,561,1213,494,719
03,00.03.14,926,400,526,1279,539,740
03,00.03.15,1057,439,618,1487,618,869
03,00.03.16,923,386,537,1486,633,853
03,00.03.17,1135,478,657,1749,738,1011
03,00.03.18,948,391,557,1471,645,826
03,00.03.19,996,446,550,1566,699,867
03,00.03.20,811,450,361,1295,571,724
03,00.03.21,931,369,562,1352,552,800
03,00.03.22,984,362,622,1408,536,872
03,00.03.23,994,415,579,1429,591,838
03,00.03.24,961,427,534,1422,644,778
03,00.03.25,997,438,559,1545,697,848
03,00.03.26,999,420,579,1432,603,829
03,00.03.27,785,347,438,1055,466,589
03,00.03.28,972,382,590,1387,554,833
03,00.03.29,876,381,495,1320,572,748
03,00.03.30,949,363,586,1479,590,889
03,00.03.31,1056,438,618,1438,581,857
03,00.03.32,947,375,572,1399,571,828
03,00.03.33,1162,526,636,1742,789,953
03,00.03.34,969,426,543,1514,640,874
03,00.03.35,1547,726,821,2598,1148,1450
03,00.03.36,997,409,588,1403,595,808
03,00.03.37,1613,667,946,2299,952,1347
03,00.03.38,825,340,485,1241,544,697
03,00.03.39,968,395,573,1343,562,781
03,00.03.40,993,394,599,1430,577,853
03,00.03.41,1072,443,629,1508,648,860
03,00.03.42,1026,420,606,1510,616,894
03,00.03.43,836,358,478,1282,553,729
03,00.03.44,1074,449,625,1526,642,884
03,00.03.45,1026,413,613,1414,579,835
03,00.03.46,957,409,548,1286,545,741
03,00.03.47,1002,398,604,1448,590,858
03,00.03.48,1062,434,628,1480,602,878
03,00.03.49,1038,415,623,1443,588,855
03,00.03.50,1111,479,632,1478,630,848
03,00.03.51,1170,483,687,1501,642,859
03,00.03.52,795,316,479,1305,531,774
03,00.03.53,1116,480,636,1500,664,836
03,00.03.54,1006,458,548,1342,604,738
03,00.03.55,931,381,550,1460,611,849
03,00.03.56,973,423,550,1540,671,869
03,00.03.57,1069,469,600,1493,627,866
03,00.03.58,1070,446,624,1536,633,903
03,00.03.59,1020,406,614,1485,635,850
03,00.03.60,864,356,508,1264,541,723
03,00.03.61,952,373,579,1321,506,815
03,00.03.62,1184,501,683,1716,738,978
03,00.03.63,1113,509,604,1754,818,936
03,00.03.64,1877,850,1027,3207,1437,1770
03,00.03.65,706,324,382,1008,466,542
03,00.03.66,943,464,479,1544,711,833
03,00.03.67,976,464,512,1731,811,920
03,00.03.68,1137,507,630,1885,837,1048
03,00.03.69,900,438,462,1415,676,739
03,00.03.70,840,426,414,1394,672,722
03,00.03.71,1033,417,616,1611,673,938
03,00.03.72,2235,928,1307,3339,1415,1924
03,00.03.73,1195,513,682,1718,756,962
03,00.03.74,1049,441,608,1510,671,839
03,00.03.75,1123,459,664,1547,636,911
03,00.03.76,2146,935,1211,3215,1398,1817
03,00.03.77,451,197,254,1176,516,660
03,00.03.78,869,397,472,1338,607,731
03,00.03.79,1125,486,639,1737,734,1003
03,00.03.80,990,405,585,1414,601,813
03,00.03.81,965,396,569,1396,593,803
03,00.03.82,945,381,564,1402,602,800
03,00.03.83,1087,479,608,1610,719,891
03,00.03.84,1344,551,793,2091,868,1223
03,00.03.85,889,380,509,1369,603,766
03,00.03.86,880,387,493,1375,611,764
03,00.03.87,1135,482,653,1842,776,1066
03,00.03.88,916,388,528,1421,611,810
03,00.03.89,1730,778,952,2558,1130,1428
03,00.03.90,1090,471,619,1761,775,986
03,00.03.91,1610,747,863,2605,1184,1421
04,00.04.01,690,257,433,1255,510,745
04,00.04.02,1492,605,887,2651,1114,1537
04,00.04.03,1298,507,791,2462,1017,1445
04,00.04.04,1275,557,718,2429,1029,1400
04,00.04.05,1248,536,712,2384,1049,1335
04,00.04.06,1330,549,781,2331,1013,1318
04,00.04.07,835,394,441,1529,710,819
04,00.04.08,1180,519,661,1842,805,1037
04,00.04.09,912,392,520,1637,708,929
04,00.04.10,1025,458,567,1556,660,896
04,00.04.11,1128,485,643,1749,764,985
04,00.04.12,951,398,553,1524,640,884
04,00.04.13,1443,607,836,2557,1094,1463
04,00.04.14,1442,640,802,2665,1194,1471
04,00.04.15,1114,488,626,1985,876,1109
04,00.04.16,706,312,394,1599,685,914
04,00.04.17,1539,654,885,2819,1222,1597
04,00.04.18,796,356,440,1354,608,746
04,00.04.19,828,360,468,1327,605,722
04,00.04.20,968,563,405,3000,1391,1609
04,00.04.21,528,287,241,1373,638,735
05,00.05.01,1561,735,826,3146,1379,1767
05,00.05.02,1444,718,726,3043,1371,1672
05,00.05.03,1441,602,839,2869,1229,1640
05,00.05.04,851,339,512,1555,664,891
05,00.05.05,651,249,402,1273,529,744
05,00.05.06,1441,575,866,2632,1108,1524
05,00.05.07,859,348,511,1578,678,900
05,00.05.08,888,380,508,1566,668,898
05,00.05.09,857,385,472,1572,691,881
05,00.05.10,904,366,538,1562,666,896
05,00.05.11,1548,591,957,2842,1202,1640
05,00.05.12,1626,670,956,2790,1159,1631
05,00.05.13,1428,600,828,2693,1137,1556
05,00.05.14,976,423,553,1760,766,994
05,00.05.15,1033,434,599,1625,673,952
05,00.05.16,851,366,485,1527,658,869
05,00.05.17,898,378,520,1577,679,898
05,00.05.18,1447,590,857,2683,1118,1565
05,00.05.19,869,380,489,1463,631,832
05,00.05.20,845,360,485,1622,721,901
05,00.05.21,855,394,461,1449,614,835
05,00.05.22,1085,465,620,1918,822,1096
05,00.05.23,877,373,504,1739,735,1004
05,00.05.24,896,414,482,1709,774,935
05,00.05.25,1232,543,689,2763,1248,1515
05,00.05.26,922,378,544,1518,623,895
05,00.05.27,937,407,530,1781,815,966
05,00.05.28,887,408,479,1439,647,792
05,00.05.29,916,411,505,1386,636,750
05,00.05.30,1224,561,663,2210,1012,1198
05,00.05.31,1494,706,788,3168,1457,1711
05,00.05.32,1334,580,754,2863,1301,1562
05,00.05.33,638,309,329,1285,639,646
05,00.05.34,1394,629,765,3077,1390,1687
05,00.05.35,447,216,231,959,425,534
05,00.05.36,790,357,433,1340,592,748
05,00.05.37,702,286,416,1219,508,711
05,00.05.38,1009,427,582,1649,746,903
05,00.05.39,1277,520,757,2551,1060,1491
05,00.05.40,1347,688,659,2319,1026,1293
05,00.05.41,958,396,562,1892,767,1125
05,00.05.42,1662,737,925,2929,1265,1664
05,00.05.43,1465,615,850,2560,1101,1459
05,00.05.44,1029,443,586,1706,742,964
05,00.05.45,757,330,427,1363,571,792
05,00.05.46,1563,676,887,2983,1304,1679
05,00.05.47,748,302,446,1205,480,725
05,00.05.48,712,305,407,1333,565,768
05,00.05.49,896,375,521,1496,624,872
05,00.05.50,758,343,415,1337,611,726
05,00.05.51,1675,763,912,3116,1361,1755
05,00.05.52,1560,669,891,2979,1301,1678
05,00.05.53,1486,660,826,2807,1245,1562
05,00.05.54,1762,788,974,2999,1325,1674
05,00.05.55,1379,596,783,2457,1076,1381
05,00.05.56,972,422,550,1706,740,966
05,00.05.57,1609,900,709,2820,1259,1561
06,00.06.01,1256,525,731,2232,947,1285
06,00.06.02,1365,788,577,2475,1084,1391
06,00.06.03,1283,537,746,2303,992,1311
06,00.06.04,1359,606,753,2318,1034,1284
06,00.06.05,1370,574,796,2444,1049,1395
06,00.06.06,782,329,453,1283,563,720
06,00.06.07,1509,625,884,2619,1119,1500
06,00.06.08,1344,574,770,2252,967,1285
06,00.06.09,919,409,510,1623,724,899
06,00.06.10,791,348,443,1384,617,767
06,00.06.11,1542,647,895,2710,1163,1547
06,00.06.12,1436,608,828,2578,1136,1442
06,00.06.13,1491,634,857,2583,1100,1483
06,00.06.14,1329,557,772,2258,952,1306
06,00.06.15,1577,686,891,2661,1146,1515
06,00.06.16,1547,652,895,2683,1134,1549
06,00.06.17,1661,694,967,2849,1192,1657
06,00.06.18,1202,497,705,2347,985,1362
06,00.06.19,1057,418,639,2104,867,1237
06,00.06.20,1425,577,848,2541,1086,1455
06,00.06.21,831,344,487,1389,578,811
06,00.06.22,699,303,396,1131,486,645
06,00.06.23,1667,693,974,3236,1365,1871
06,00.06.24,1325,583,742,2563,1129,1434
06,00.06.25,1302,544,758,2336,979,1357
06,00.06.26,1326,526,800,2554,1055,1499
06,00.06.27,948,413,535,1872,839,1033
06,00.06.28,309,130,179,1200,507,693
06,00.06.29,1465,600,865,2803,1193,1610
06,00.06.30,1453,599,854,2701,1138,1563
06,00.06.31,1738,795,943,3254,1447,1807
06,00.06.32,1431,587,844,2780,1161,1619
06,00.06.33,1389,574,815,2578,1089,1489
06,00.06.34,747,334,413,1341,588,753
06,00.06.35,792,362,430,1358,620,738
06,00.06.36,857,383,474,1595,714,881
06,00.06.37,1218,661,557,2251,1010,1241
06,00.06.38,1553,677,876,2920,1291,1629
06,00.06.39,1279,573,706,2404,1078,1326
06,00.06.40,1392,650,742,2893,1278,1615
06,00.06.41,1395,626,769,2851,1267,1584
06,00.06.42,1238,556,682,2308,1048,1260
06,00.06.43,346,170,176,552,261,291
06,00.06.44,1573,758,815,2625,1222,1403
06,00.06.45,1316,629,687,1948,886,1062
06,00.06.46,641,321,320,1129,557,572
06,00.06.47,516,237,279,1041,480,561
06,00.06.48,1835,1080,755,2836,1279,1557
06,00.06.49,577,283,294,1375,633,742
06,00.06.50,1058,680,378,1350,592,758
06,00.06.51,1050,466,584,2131,960,1171
06,00.06.52,1429,589,840,2943,1274,1669
06,00.06.53,1399,597,802,2692,1174,1518
06,00.06.54,806,348,458,1813,794,1019
06,00.06.55,674,295,379,1437,650,787
06,00.06.56,848,108,740,1491,673,818
06,00.06.57,789,353,436,1638,733,905
06,00.06.58,1397,603,794,2478,1078,1400
06,00.06.59,1221,548,673,1937,865,1072
06,00.06.60,657,303,354,1215,538,677
06,00.06.61,766,329,437,1210,531,679
06,00.06.62,868,374,494,1375,599,776
06,00.06.63,1479,647,832,2539,1111,1428
06,00.06.64,626,258,368,1185,527,658
06,00.06.65,767,343,424,1444,674,770
06,00.06.66,1506,615,891,2629,1085,1544
06,00.06.67,1184,521,663,2073,902,1171
06,00.06.68,1228,529,699,2165,940,1225
06,00.06.69,591,251,340,979,422,557
06,00.06.70,825,307,518,1450,586,864
06,00.06.71,956,365,591,1590,647,943
06,00.06.72,1284,585,699,2368,1079,1289
07,00.07.01,863,352,511,1303,555,748
07,00.07.02,860,379,481,1379,609,770
07,00.07.03,717,309,408,1252,527,725
07,00.07.04,915,382,533,1507,630,877
07,00.07.05,613,284,329,1268,583,685
07,00.07.06,854,397,457,1483,649,834
07,00.07.07,954,373,581,1510,596,914
07,00.07.08,851,361,490,1422,614,808
07,00.07.09,897,371,526,1467,608,859
07,00.07.10,1495,634,861,2353,976,1377
07,00.07.11,900,345,555,1528,628,900
07,00.07.12,1520,613,907,2376,998,1378
07,00.07.13,1162,468,694,1967,840,1127
07,00.07.14,1590,646,944,2584,1086,1498
07,00.07.15,992,409,583,1571,671,900
07,00.07.16,956,453,503,1527,690,837
07,00.07.17,965,401,564,1609,680,929
07,00.07.18,977,416,561,1608,719,889
07,00.07.19,1324,572,752,2289,963,1326
07,00.07.20,833,352,481,1597,689,908
07,00.07.21,958,402,556,1538,681,857
07,00.07.22,840,349,491,1426,613,813
07,00.07.23,1591,664,927,2803,1171,1632
07,00.07.24,1021,417,604,1623,676,947
07,00.07.25,1736,723,1013,2718,1132,1586
07,00.07.26,1291,553,738,1943,807,1136
07,00.07.27,1241,513,728,2044,882,1162
07,00.07.28,816,340,476,1196,498,698
07,00.07.29,827,338,489,1361,577,784
07,00.07.30,774,347,427,1238,542,696
07,00.07.31,953,379,574,1593,673,920
07,00.07.32,856,389,467,1439,654,785
07,00.07.33,922,364,558,1523,612,911
07,00.07.34,880,370,510,1400,599,801
07,00.07.35,817,354,463,1367,579,788
07,00.07.36,673,290,383,1065,440,625
07,00.07.37,829,340,489,1354,574,780
07,00.07.38,762,285,477,1313,519,794
07,00.07.39,1278,592,686,1937,898,1039
07,00.07.40,768,365,403,1368,627,741
07,00.07.41,828,367,461,1384,623,761
08,00.08.01,882,368,514,1441,610,831
08,00.08.02,837,366,471,1200,524,676
08,00.08.03,989,390,599,1518,636,882
08,00.08.04,829,341,488,1221,513,708
08,00.08.05,819,356,463,1259,536,723
08,00.08.06,947,432,515,1422,652,770
08,00.08.07,802,322,480,1183,479,704
08,00.08.08,773,337,436,1225,524,701
08,00.08.09,1108,466,642,1680,720,960
08,00.08.10,460,165,295,678,256,422
08,00.08.11,1410,578,832,2172,922,1250
08,00.08.12,1534,609,925,2397,984,1413
08,00.08.13,738,295,443,1112,459,653
08,00.08.14,728,300,428,1081,446,635
08,00.08.15,1360,556,804,2285,975,1310
08,00.08.16,917,383,534,1509,653,856
08,00.08.17,1002,435,567,1575,672,903
08,00.08.18,1064,455,609,1706,742,964
08,00.08.19,1068,461,607,1615,693,922
08,00.08.20,1207,502,705,1737,734,1003
08,00.08.21,702,283,419,1094,444,650
08,00.08.22,1033,447,586,1498,619,879
08,00.08.23,916,392,524,1336,556,780
08,00.08.24,890,357,533,1291,514,777
08,00.08.25,755,316,439,1110,460,650
08,00.08.26,1557,644,913,2282,958,1324
08,00.08.27,1537,630,907,2297,970,1327
08,00.08.28,820,317,503,1146,453,693
08,00.08.29,1159,470,689,1710,702,1008
08,00.08.30,1198,472,726,1737,695,1042
08,00.08.31,855,372,483,1301,563,738
08,00.08.32,1530,618,912,2226,883,1343
08,00.08.33,635,256,379,809,353,456
08,00.08.34,827,318,509,1139,469,670
08,00.08.35,1493,628,865,2276,948,1328
08,00.08.36,836,331,505,1128,450,678
08,00.08.37,953,382,571,1404,576,828
08,00.08.38,1545,638,907,2293,947,1346
08,00.08.39,1249,530,719,1873,811,1062
08,00.08.40,1126,497,629,1751,765,986
09,00.09.01,1282,630,652,2705,1264,1441
09,00.09.02,1486,712,774,2559,1179,1380
09,00.09.03,1510,704,806,2610,1167,1443
09,00.09.04,1600,689,911,2829,1243,1586
09,00.09.05,1307,618,689,2488,1171,1317
09,00.09.06,747,329,418,1313,601,712
09,00.09.07,957,438,519,1481,690,791
09,00.09.08,914,413,501,1412,618,794
09,00.09.09,864,397,467,1496,672,824
09,00.09.10,877,350,527,1481,615,866
09,00.09.11,872,381,491,1510,685,825
09,00.09.12,872,360,512,1416,591,825
09,00.09.13,932,382,550,1485,611,874
09,00.09.14,996,432,564,1467,634,833
09,00.09.15,947,426,521,1447,636,811
09,00.09.16,931,381,550,1432,584,848
09,00.09.17,781,319,462,1132,478,654
09,00.09.18,873,417,456,1408,657,751
09,00.09.19,769,307,462,1315,553,762
09,00.09.20,870,373,497,1302,569,733
09,00.09.21,783,339,444,1347,594,753
09,00.09.22,1377,608,769,2276,1015,1261
09,00.09.23,724,306,418,1220,524,696
09,00.09.24,863,366,497,1409,630,779
09,00.09.25,753,323,430,1395,611,784
09,00.09.26,863,373,490,1364,600,764
09,00.09.27,769,316,453,1288,538,750
09,00.09.28,775,333,442,1220,517,703
09,00.09.29,1465,669,796,2943,1321,1622
09,00.09.30,815,358,457,1455,658,797
09,00.09.31,684,281,403,1110,473,637
09,00.09.32,836,354,482,1428,611,817
09,00.09.33,875,390,485,1489,635,854
09,00.09.34,821,369,452,1429,649,780
09,00.09.35,840,377,463,1520,676,844
09,00.09.36,938,427,511,1635,750,885
09,00.09.37,831,348,483,1366,567,799
09,00.09.38,2014,827,1187,3241,1326,1915
09,00.09.39,1508,647,861,2618,1141,1477
09,00.09.40,750,320,430,1274,554,720
09,00.09.41,545,248,297,1047,474,573
09,00.09.42,843,356,487,1294,572,722
09,00.09.43,850,365,485,1274,523,751
09,00.09.44,872,388,484,1391,596,795
09,00.09.45,978,419,559,1474,636,838
09,00.09.46,987,435,552,1480,637,843
09,00.09.47,881,370,511,1471,651,820
09,00.09.48,862,402,460,1486,658,828
09,00.09.49,779,347,432,1270,566,704
09,00.09.50,787,331,456,1248,541,707
09,00.09.51,878,374,504,1430,607,823
09,00.09.52,1561,614,947,2434,976,1458
09,00.09.53,614,279,335,1125,513,612
09,00.09.54,867,369,498,1296,580,716
09,00.09.55,859,371,488,1446,625,821
09,00.09.56,1421,585,836,2520,1043,1477
09,00.09.57,868,383,485,1500,670,830
09,00.09.58,928,391,537,1502,665,837
09,00.09.59,1659,746,913,2733,1235,1498
09,00.09.60,819,384,435,1412,671,741
09,00.09.61,1010,417,593,1543,658,885
09,00.09.62,759,322,437,1288,543,745
09,00.09.63,863,358,505,1440,614,826
09,00.09.64,736,315,421,1418,627,791
09,00.09.65,978,429,549,1467,639,828
09,00.09.66,792,325,467,1371,581,790
09,00.09.67,861,371,490,1394,596,798
09,00.09.68,863,356,507,1535,645,890
09,00.09.69,956,424,532,1558,693,865
09,00.09.70,828,358,470,1384,588,796
09,00.09.71,887,386,501,1448,612,836
09,00.09.72,1399,572,827,2556,1114,1442
09,00.09.73,938,387,551,1620,672,948
09,00.09.74,835,359,476,1349,576,773
09,00.09.75,767,324,443,1324,539,785
09,00.09.76,1038,477,561,1768,802,966
09,00.09.77,1521,624,897,2524,1064,1460
09,00.09.78,1430,601,829,2374,1024,1350
09,00.09.79,1501,608,893,2654,1122,1532
09,00.09.80,1512,642,870,2538,1061,1477
09,00.09.81,1525,719,806,2614,1181,1433
10,00.10.01,974,414,560,1648,707,941
10,00.10.02,911,421,490,1609,734,875
10,00.10.03,843,364,479,1553,676,877
10,00.10.04,1220,560,660,2255,1046,1209
10,00.10.05,883,418,465,1542,719,823
10,00.10.06,1703,772,931,3006,1344,1662
10,00.10.07,1484,650,834,2705,1191,1514
10,00.10.08,1562,747,815,2876,1312,1564
10,00.10.09,1758,785,973,3104,1359,1745
10,00.10.10,917,376,541,1452,618,834
10,00.10.11,826,367,459,1297,581,716
10,00.10.12,737,330,407,1320,568,752
10,00.10.13,775,355,420,1291,567,724
10,00.10.14,412,183,229,731,333,398
10,00.10.15,1267,563,704,2151,937,1214
10,00.10.16,1651,748,903,3053,1384,1669
10,00.10.17,1430,594,836,2429,1059,1370
10,00.10.18,1213,593,620,2296,1123,1173
10,00.10.19,1692,692,1000,2998,1218,1780
10,00.10.20,955,398,557,1662,690,972
10,00.10.21,1787,759,1028,3234,1401,1833
10,00.10.22,918,390,528,1511,645,866
10,00.10.23,1612,702,910,2853,1252,1601
10,00.10.24,732,328,404,1318,590,728
10,00.10.25,778,318,460,1433,591,842
10,00.10.26,755,323,432,1250,528,722
10,00.10.27,1389,596,793,2596,1119,1477
10,00.10.28,1499,624,875,2554,1096,1458
10,00.10.29,870,418,452,1500,680,820
10,00.10.30,1636,736,900,3257,1466,1791
10,00.10.31,1349,582,767,2396,1061,1335
10,00.10.32,606,230,376,1120,448,672
10,00.10.33,1612,651,961,2916,1228,1688
10,00.10.34,1427,585,842,2532,1081,1451
10,00.10.35,878,363,515,1494,642,852
10,00.10.36,838,353,485,1408,613,795
10,00.10.37,1270,529,741,2153,890,1263
10,00.10.38,971,453,518,1645,773,872
10,00.10.39,1053,462,591,2057,922,1135
10,00.10.40,803,322,481,1675,844,831
10,00.10.41,799,351,448,1504,659,845
10,00.10.42,871,389,482,1541,688,853
10,00.10.43,787,483,304,1343,559,784
10,00.10.44,1485,631,854,2599,1106,1493
10,00.10.45,1526,622,904,2685,1148,1537
10,00.10.46,897,386,511,1478,657,821
10,00.10.47,1102,491,611,1805,805,1000
10,00.10.48,922,410,512,1559,694,865
10,00.10.49,851,386,465,1383,618,765
10,00.10.50,928,386,542,1488,619,869
10,00.10.51,1496,629,867,2564,1107,1457
10,00.10.52,1440,617,823,2370,1001,1369
10,00.10.53,1565,659,906,2803,1191,1612
10,00.10.54,1288,544,744,2227,973,1254
10,00.10.55,1057,428,629,1821,755,1066
10,00.10.56,691,311,380,1231,531,700
10,00.10.57,696,297,399,1168,499,669
10,00.10.58,554,264,290,965,450,515
10,00.10.59,765,336,429,1275,561,714
10,00.10.60,964,359,605,1676,667,1009
10,00.10.61,1419,606,813,2640,1131,1509
10,00.10.62,1575,657,918,2554,1079,1475
10,00.10.63,866,362,504,1464,616,848
10,00.10.64,1514,604,910,2374,973,1401
10,00.10.65,1605,685,920,2691,1145,1546
10,00.10.66,950,416,534,1576,701,875
10,00.10.67,1533,675,858,2417,1032,1385
10,00.10.68,797,360,437,1272,560,712
10,00.10.69,1203,529,674,2128,914,1214
10,00.10.70,922,412,510,1520,696,824
10,00.10.71,839,359,480,1409,609,800
10,00.10.72,1570,680,890,2579,1118,1461
10,00.10.73,1424,626,798,2338,1036,1302
10,00.10.74,1361,595,766,2458,1097,1361
10,00.10.75,1865,836,1029,3287,1463,1824
10,00.10.76,407,361,46,0,,
10,00.10.77,132,125,7,0,,
11,00.11.01,1165,628,537,1830,855,975
11,00.11.02,431,213,218,685,325,360
11,00.11.03,1406,690,716,2186,1010,1176
11,00.11.04,1117,579,538,1727,828,899
11,00.11.05,837,411,426,1396,665,731
11,00.11.06,1004,467,537,1844,831,1013
11,00.11.07,512,274,238,873,441,432
11,00.11.08,233,121,112,340,176,164
11,00.11.09,382,193,189,501,229,272
11,00.11.10,731,375,356,1223,597,626
11,00.11.11,1328,708,620,2247,1112,1135
11,00.11.12,394,219,175,608,296,312
11,00.11.13,992,499,493,1545,756,789
11,00.11.14,1532,814,718,2012,1008,1004
11,00.11.15,77,34,43,97,45,52
11,00.11.16,567,289,278,807,383,424
11,00.11.17,1361,761,600,2275,1166,1109
11,00.11.18,549,295,254,758,384,374
11,00.11.19,562,321,241,698,367,331
11,00.11.20,775,420,355,1201,589,612
11,00.11.21,759,412,347,1233,637,596
11,00.11.22,272,146,126,329,177,152
11,00.11.23,608,358,250,881,461,420
11,00.11.24,904,429,475,1166,562,604
11,00.11.25,352,190,162,473,240,233
11,00.11.26,295,161,134,377,192,185
11,00.11.27,456,184,272,651,323,328
11,00.11.28,340,191,149,1195,616,579
11,00.11.29,369,239,130,1167,600,567
11,00.11.30,487,288,199,1109,561,548
11,00.11.31,467,290,177,1184,612,572
11,00.11.32,561,340,221,1252,648,604
11,00.11.33,365,230,135,930,483,447
11,00.11.34,464,308,156,1450,754,696
11,00.11.35,494,332,162,1445,758,687
11,00.11.36,420,276,144,1421,735,686
11,00.11.37,347,200,147,1118,562,556
11,00.11.38,484,233,251,1603,818,785
11,00.11.39,499,267,232,1559,796,763
11,00.11.40,426,255,171,1075,564,511
12,00.12.01,781,349,432,1176,521,655
12,00.12.02,1347,631,716,2127,978,1149
12,00.12.03,1229,609,620,1959,896,1063
12,00.12.04,822,393,429,1360,604,756
12,00.12.05,591,271,320,959,443,516
12,00.12.06,1059,573,486,1532,748,784
12,00.12.07,1219,693,526,1909,960,949
12,00.12.08,1280,657,623,2106,1064,1042
12,00.12.09,722,378,344,1366,664,702
12,00.12.10,811,430,381,1359,673,686
12,00.12.11,634,337,297,848,408,440
12,00.12.12,250,116,134,359,176,183
12,00.12.13,56,30,26,79,42,37
12,00.12.14,906,423,483,1376,656,720
12,00.12.15,781,404,377,1292,649,643
12,00.12.16,838,404,434,1349,656,693
12,00.12.17,796,415,381,1220,593,627
12,00.12.18,657,314,343,1025,492,533
12,00.12.19,582,313,269,764,388,376
12,00.12.20,844,458,386,1315,672,643
12,00.12.21,709,374,335,1113,537,576
12,00.12.22,132,65,67,240,111,129
12,00.12.23,1413,683,730,2210,1049,1161
12,00.12.24,705,366,339,1043,508,535
12,00.12.25,1081,589,492,1525,759,766
12,00.12.26,657,374,283,939,498,441
12,00.12.27,874,445,429,1363,673,690
12,00.12.28,862,450,412,1393,677,716
12,00.12.29,670,346,324,969,488,481
12,00.12.30,919,459,460,1308,614,694
12,00.12.31,663,350,313,987,488,499
12,00.12.32,740,387,353,1186,580,606
12,00.12.33,745,423,322,1286,644,642
12,00.12.34,641,358,283,1048,527,521
12,00.12.35,513,274,239,742,367,375
12,00.12.36,738,403,335,1031,514,517
12,00.12.37,762,411,351,1111,522,589
12,00.12.38,575,307,268,734,356,378
12,00.12.39,445,244,201,625,305,320
12,00.12.40,722,397,325,1106,546,560
12,00.12.41,335,179,156,437,216,221
12,00.12.42,887,466,421,1137,584,553
12,00.12.43,352,195,157,454,239,215
12,00.12.44,298,147,151,383,193,190
13,00.13.01,1068,496,572,1594,733,861
13,00.13.02,1063,559,504,1797,896,901
13,00.13.03,1176,598,578,1800,904,896
13,00.13.04,566,285,281,983,501,482
13,00.13.05,1217,581,636,2002,953,1049
13,00.13.06,1031,465,566,1877,884,993
13,00.13.07,771,365,406,1199,567,632
13,00.13.08,799,401,398,1234,604,630
13,00.13.09,779,428,351,1236,611,625
13,00.13.10,825,401,424,1275,624,651
13,00.13.11,1338,677,661,1933,958,975
13,00.13.12,161,104,57,240,125,115
13,00.13.13,1092,544,548,1631,779,852
13,00.13.14,433,234,199,684,334,350
13,00.13.15,215,105,110,299,142,157
13,00.13.16,170,85,85,190,83,107
13,00.13.17,560,193,367,780,400,380
13,00.13.18,399,211,188,569,262,307
13,00.13.19,1053,504,549,1417,667,750
13,00.13.20,451,228,223,610,285,325
13,00.13.21,360,165,195,488,212,276
13,00.13.22,174,91,83,238,110,128
13,00.13.23,980,526,454,1388,705,683
13,00.13.24,324,152,172,496,233,263
13,00.13.25,1236,665,571,1989,1033,956
14,00.14.01,784,344,440,1269,553,716
14,00.14.02,1290,604,686,2113,964,1149
14,00.14.03,817,402,415,1228,563,665
14,00.14.04,751,389,362,1192,561,631
14,00.14.05,588,314,274,846,425,421
14,00.14.06,611,319,292,894,437,457
14,00.14.07,334,185,149,430,191,239
14,00.14.08,699,342,357,1046,510,536
14,00.14.09,574,294,280,815,394,421
14,00.14.10,565,269,296,1013,485,528
14,00.14.11,1079,517,562,1857,861,996
14,00.14.12,1133,560,573,1685,811,874
14,00.14.13,525,279,246,966,489,477
14,00.14.14,434,239,195,807,379,428
14,00.14.15,562,356,206,977,486,491
14,00.14.16,305,177,128,532,277,255
14,00.14.17,453,272,181,769,406,363
14,00.14.18,620,365,255,1086,559,527
14,00.14.19,337,194,143,483,248,235
14,00.14.20,250,136,114,344,173,171
15,00.15.01,811,386,425,1401,649,752
15,00.15.02,792,364,428,1289,560,729
15,00.15.03,505,279,226,699,342,357
15,00.15.04,1057,573,484,1747,849,898
15,00.15.05,1088,617,471,1882,960,922
15,00.15.06,1150,652,498,1747,870,877
15,00.15.07,491,257,234,726,360,366
15,00.15.08,856,438,418,1222,591,631
15,00.15.09,444,248,196,819,407,412
15,00.15.10,334,176,158,514,259,255
15,00.15.11,660,396,264,1015,547,468
15,00.15.12,1502,829,673,2616,1344,1272
15,00.15.13,890,484,406,1414,725,689
15,00.15.14,435,230,205,679,341,338
15,00.15.15,509,358,151,1678,839,839
15,00.15.16,998,662,336,2468,1279,1189
15,00.15.17,673,387,286,1927,953,974
15,00.15.18,678,413,265,2182,1067,1115
15,00.15.19,582,348,234,1414,694,720
15,00.15.20,170,95,75,316,163,153
15,00.15.21,563,292,271,804,388,416
15,00.15.22,981,538,443,1575,815,760
15,00.15.23,885,500,385,1318,656,662
15,00.15.24,350,175,175,473,221,252
15,00.15.25,500,280,220,745,399,346
15,00.15.26,468,261,207,717,354,363
15,00.15.27,560,304,256,841,441,400
15,00.15.28,664,311,353,893,472,421
15,00.15.29,259,131,128,395,195,200
15,00.15.30,786,387,399,1291,596,695
15,00.15.31,915,427,488,1542,694,848
16,00.16.01,825,412,413,1267,612,655
16,00.16.02,852,463,389,1280,621,659
16,00.16.03,744,380,364,1139,547,592
16,00.16.04,849,403,446,1260,590,670
16,00.16.05,744,368,376,1186,556,630
16,00.16.06,782,386,396,1331,605,726
16,00.16.07,453,238,215,675,336,339
16,00.16.08,453,254,199,640,309,331
16,00.16.09,882,451,431,1420,704,716
16,00.16.10,848,440,408,1428,701,727
16,00.16.11,698,369,329,1188,596,592
16,00.16.12,249,140,109,270,123,147
16,00.16.13,192,56,136,317,103,214
16,00.16.14,184,100,84,283,149,134
16,00.16.15,1084,592,492,1760,890,870
16,00.16.16,306,128,178,418,186,232
16,00.16.17,177,78,99,357,169,188
16,00.16.18,301,154,147,436,216,220
16,00.16.19,452,250,202,772,387,385
16,00.16.20,984,556,428,1479,759,720
16,00.16.21,720,371,349,1019,511,508
16,00.16.22,812,411,401,1342,643,699
16,00.16.23,729,413,316,1136,574,562
16,00.16.24,753,394,359,1148,593,555
16,00.16.25,837,446,391,1249,623,626
16,00.16.26,662,352,310,1067,537,530
16,00.16.27,280,163,117,449,231,218
16,00.16.28,497,280,217,740,382,358
16,00.16.29,229,124,105,281,153,128
17,00.17.01,953,451,502,1429,638,791
17,00.17.02,799,349,450,1240,533,707
17,00.17.03,624,280,344,901,399,502
17,00.17.04,831,398,433,1347,625,722
17,00.17.05,1015,440,575,1636,701,935
17,00.17.06,1354,592,762,2316,1001,1315
17,00.17.07,1198,551,647,1952,873,1079
17,00.17.08,910,409,501,1472,605,867
17,00.17.09,1298,523,775,2291,915,1376
17,00.17.10,863,408,455,1473,665,808
17,00.17.11,678,274,404,1096,452,644
17,00.17.12,945,432,513,1520,698,822
17,00.17.13,982,520,462,1610,814,796
17,00.17.14,563,283,280,833,405,428
17,00.17.15,632,322,310,923,448,475
17,00.17.16,691,359,332,1121,547,574
17,00.17.17,633,341,292,964,474,490
17,00.17.18,889,463,426,1407,664,743
17,00.17.19,1102,603,499,1850,939,911
17,00.17.20,1106,558,548,1699,821,878
17,00.17.21,297,149,148,455,218,237
17,00.17.22,1214,630,584,1870,876,994
17,00.17.23,1232,614,618,1959,941,1018
17,00.17.24,840,437,403,1332,635,697
17,00.17.25,184,97,87,306,145,161
17,00.17.26,672,341,331,941,470,471
17,00.17.27,783,412,371,1181,590,591
17,00.17.28,783,394,389,1176,575,601
17,00.17.29,636,410,226,1544,768,776
17,00.17.30,556,322,234,1621,770,851
17,00.17.31,559,361,198,1746,808,938
17,00.17.32,666,376,290,1691,823,868
17,00.17.33,1380,540,840,2276,1121,1155
17,00.17.34,1182,470,712,1828,914,914
17,00.17.35,509,277,232,813,409,404
17,00.17.36,593,299,294,1012,478,534
17,00.17.37,351,187,164,628,310,318
17,00.17.38,474,257,217,668,324,344
17,00.17.39,482,248,234,784,408,376
17,00.17.40,70,33,37,89,36,53
17,00.17.41,865,439,426,1466,735,731
17,00.17.42,69,43,26,106,55,51
17,00.17.43,311,136,175,478,231,247
18,00.18.01,941,481,460,1433,665,768
18,00.18.02,798,395,403,1448,653,795
18,00.18.03,1293,697,596,2331,1097,1234
18,00.18.04,949,418,531,2363,1105,1258
18,00.18.05,1158,511,647,2230,1076,1154
18,00.18.06,575,264,311,1143,530,613
18,00.18.07,230,92,138,467,204,263
18,00.18.08,774,422,352,1291,631,660
18,00.18.09,132,52,80,290,145,145
18,00.18.10,819,449,370,1403,727,676
18,00.18.11,674,360,314,1212,594,618
18,00.18.12,484,266,218,803,402,401
18,00.18.13,183,113,70,288,186,102
18,00.18.14,667,375,292,1011,513,498
18,00.18.15,259,142,117,363,196,167
18,00.18.16,595,306,289,1081,522,559
18,00.18.17,1324,667,657,2470,1169,1301
18,00.18.18,1081,596,485,1988,956,1032
18,00.18.19,286,143,143,488,242,246
18,00.18.20,183,95,88,278,158,120
18,00.18.21,593,245,348,1370,655,715
18,00.18.22,344,158,186,848,395,453
18,00.18.23,795,378,417,1446,675,771
18,00.18.24,847,465,382,1441,727,714
19,00.19.01,629,335,294,1135,533,602
19,00.19.02,665,360,305,1135,540,595
19,00.19.03,303,152,151,428,200,228
19,00.19.04,157,86,71,248,124,124
19,00.19.05,152,87,65,273,141,132
19,00.19.06,127,77,50,181,87,94
19,00.19.07,79,52,27,107,64,43
19,00.19.08,345,210,135,549,265,284
19,00.19.09,316,174,142,622,323,299
19,00.19.10,132,84,48,220,119,101
19,00.19.11,463,270,193,777,422,355
19,00.19.12,517,295,222,881,441,440
19,00.19.13,233,134,99,293,144,149
19,00.19.14,206,112,94,326,185,141
19,00.19.15,248,159,89,373,194,179
19,00.19.16,322,159,163,559,267,292
19,00.19.17,513,273,240,749,386,363
19,00.19.18,137,72,65,236,119,117
19,00.19.19,494,261,233,775,390,385
19,00.19.20,529,274,255,930,418,512
20,00.20.01,1262,560,702,1983,902,1081
20,00.20.02,728,333,395,1387,691,696
20,00.20.03,970,454,516,1612,717,895
20,00.20.04,1334,588,746,2132,953,1179
20,00.20.05,931,403,528,1414,617,797
20,00.20.06,916,409,507,1419,644,775
20,00.20.07,905,409,496,1436,663,773
20,00.20.08,786,445,341,1360,601,759
20,00.20.09,773,333,440,1203,514,689
20,00.20.10,1645,694,951,3165,1381,1784
20,00.20.11,1505,652,853,2613,1128,1485
20,00.20.12,900,379,521,1700,750,950
20,00.20.13,954,471,483,1705,812,893
20,00.20.14,946,448,498,1665,772,893
20,00.20.15,633,290,343,1054,473,581
20,00.20.16,1268,564,704,2092,943,1149
20,00.20.17,1178,528,650,2034,945,1089
20,00.20.18,764,332,432,1249,536,713
20,00.20.19,787,338,449,1297,566,731
20,00.20.20,743,336,407,1343,604,739
20,00.20.21,915,402,513,1532,696,836
20,00.20.22,771,328,443,1293,561,732
20,00.20.23,1255,538,717,2214,972,1242
20,00.20.24,1332,563,769,2243,900,1343
20,00.20.25,1338,596,742,2572,1137,1435
20,00.20.26,652,289,363,1159,496,663
20,00.20.27,850,394,456,1401,617,784
20,00.20.28,651,297,354,1123,504,619
20,00.20.29,1663,748,915,2961,1357,1604
20,00.20.30,1532,685,847,2805,1273,1532
20,00.20.31,1341,597,744,2430,1098,1332
20,00.20.32,692,326,366,1225,568,657
20,00.20.33,883,440,443,1659,755,904
20,00.20.34,1324,587,737,2483,1110,1373
20,00.20.35,1246,570,676,2177,992,1185
20,00.20.36,1520,667,853,2639,1225,1414
20,00.20.37,1359,600,759,2426,1096,1330
20,00.20.38,1562,752,810,2746,1284,1462
20,00.20.39,766,345,421,1306,604,702
20,00.20.40,1340,606,734,2272,1059,1213
20,00.20.41,623,292,331,949,440,509
20,00.20.42,812,350,462,1444,629,815
20,00.20.43,805,388,417,1307,585,722
20,00.20.44,778,355,423,1301,589,712
20,00.20.45,870,389,481,1597,690,907
20,00.20.46,1325,579,746,2237,970,1267
20,00.20.47,1298,549,749,2281,991,1290
20,00.20.48,1479,670,809,2511,1132,1379
20,00.20.49,1495,682,813,2611,1163,1448
20,00.20.50,1320,617,703,2541,1149,1392
20,00.20.51,1352,614,738,2130,947,1183
20,00.20.52,1487,685,802,2449,1101,1348
20,00.20.53,729,320,409,1303,585,718
20,00.20.54,754,333,421,1270,581,689
20,00.20.55,774,333,441,1295,562,733
20,00.20.56,1260,561,699,2149,967,1182
20,00.20.57,1371,607,764,2406,1060,1346
20,00.20.58,215,190,25,0,,
20,00.20.59,132,112,20,0,,
20,00.20.60,95,81,14,0,,
20,00.20.61,244,81,163,0,,
21,00.21.01,878,496,382,2730,1332,1398
21,00.21.02,786,404,382,2290,1108,1182
21,00.21.03,807,360,447,2314,988,1326
21,00.21.04,965,499,466,2767,1286,1481
21,00.21.05,971,501,470,2348,1115,1233
21,00.21.06,456,261,195,2144,972,1172
21,00.21.07,337,185,152,1503,687,816
21,00.21.08,778,425,353,1346,648,698
21,00.21.09,866,481,385,1234,632,602
21,00.21.10,302,147,155,447,214,233
21,00.21.11,151,73,78,199,93,106
21,00.21.12,78,37,41,180,85,95
21,00.21.13,645,348,297,1113,538,575
21,00.21.14,741,379,362,1240,618,622
21,00.21.15,965,483,482,1571,742,829
21,00.21.16,1007,592,415,2281,1133,1148
21,00.21.17,1015,576,439,1486,749,737
21,00.21.18,480,249,231,560,274,286
21,00.21.19,397,227,170,1284,595,689
21,00.21.20,692,374,318,2781,1269,1512
21,00.21.21,525,251,274,903,410,493
21,00.21.22,717,261,456,1296,607,689
21,00.21.23,164,87,77,309,153,156
21,00.21.24,826,423,403,1481,705,776
21,00.21.25,759,387,372,1116,560,556
21,00.21.26,614,347,267,905,437,468
21,00.21.27,950,544,406,1456,748,708
21,00.21.28,428,225,203,711,350,361
21,00.21.29,798,446,352,1287,646,641
21,00.21.30,122,68,54,190,99,91
21,00.21.31,492,248,244,889,420,469
21,00.21.32,629,369,260,2168,990,1178
21,00.21.33,655,427,228,1458,779,679
21,00.21.34,888,479,409,1364,695,669
21,00.21.35,811,409,402,1356,679,677
21,00.21.36,63,29,34,79,44,35
21,00.21.37,746,414,332,1163,599,564
21,00.21.38,766,403,363,1209,601,608
21,00.21.39,1004,535,469,1547,778,769
21,00.21.40,559,284,275,1033,518,515
21,00.21.41,550,277,273,1701,829,872
21,00.21.42,532,297,235,1802,869,933
21,00.21.43,503,349,154,2260,1057,1203
21,00.21.44,759,517,242,2649,1325,1324
21,00.21.45,670,383,287,2128,1078,1050
21,00.21.46,925,500,425,1520,751,769
21,00.21.47,813,448,365,1776,870,906
21,00.21.48,515,311,204,1059,537,522
21,00.21.49,403,244,159,924,445,479
21,00.21.50,430,231,199,981,470,511
21,00.21.51,479,252,227,1084,513,571
21,00.21.52,597,238,359,1297,523,774
21,00.21.53,568,356,212,1351,720,631
22,00.22.01,934,521,413,2721,1302,1419
22,00.22.02,831,445,386,2476,1153,1323
22,00.22.03,1108,637,471,2854,1333,1521
22,00.22.04,888,475,413,2619,1172,1447
22,00.22.05,559,317,242,1374,658,716
22,00.22.06,502,338,164,1768,884,884
22,00.22.07,1169,698,471,2827,1414,1413
22,00.22.08,999,580,419,1451,717,734
22,00.22.09,331,206,125,785,372,413
22,00.22.10,836,578,258,2099,1029,1070
22,00.22.11,156,67,89,314,153,161
22,00.22.12,1163,778,385,2958,1499,1459
22,00.22.13,644,406,238,1808,942,866
22,00.22.14,908,522,386,2445,1190,1255
22,00.22.15,442,310,132,1458,738,720
22,00.22.16,550,361,189,1545,792,753
22,00.22.17,451,279,172,1243,596,647
22,00.22.18,920,537,383,1700,845,855
22,00.22.19,357,236,121,729,370,359
22,00.22.20,143,83,60,248,135,113
22,00.22.21,806,449,357,1223,599,624
22,00.22.22,690,367,323,1166,587,579
22,00.22.23,398,287,111,1249,630,619
22,00.22.24,400,255,145,777,406,371
22,00.22.25,444,299,145,1154,584,570
22,00.22.26,838,437,401,1517,739,778
22,00.22.27,767,431,336,1114,594,520
22,00.22.28,641,379,262,1298,655,643
22,00.22.29,969,641,328,1597,802,795
22,00.22.30,687,440,247,1407,711,696
22,00.22.31,1089,689,400,1617,805,812
22,00.22.32,626,422,204,1055,524,531
22,00.22.33,382,215,167,543,270,273
22,00.22.34,468,274,194,1069,511,558
22,00.22.35,366,204,162,1212,542,670
22,00.22.36,351,204,147,1283,621,662
22,00.22.37,606,417,189,1575,832,743
22,00.22.38,530,337,193,1271,656,615
22,00.22.39,424,273,151,982,516,466
22,00.22.40,609,357,252,1403,687,716
22,00.22.41,510,291,219,1590,771,819
22,00.22.42,631,436,195,1216,571,645
22,00.22.43,443,267,176,1245,601,644
22,00.22.44,688,368,320,1522,758,764
22,00.22.45,184,105,79,346,175,171
22,00.22.46,375,202,173,1024,531,493
22,00.22.47,423,235,188,1011,482,529
22,00.22.48,556,358,198,1511,766,745
22,00.22.49,555,359,196,1606,813,793
22,00.22.50,469,332,137,1488,722,766
22,00.22.51,382,236,146,957,477,480
22,00.22.52,440,277,163,1218,610,608
22,00.22.53,502,332,170,1077,524,553
22,00.22.54,400,245,155,872,445,427
22,00.22.55,573,320,253,1439,716,723
22,00.22.56,436,318,118,1348,678,670
22,00.22.57,423,276,147,972,492,480
22,00.22.58,481,277,204,1435,713,722
22,00.22.59,604,376,228,1258,640,618
22,00.22.60,338,145,193,437,209,228
22,00.22.61,510,238,272,619,292,327
22,00.22.62,247,135,112,486,239,247
22,00.22.63,128,80,48,152,85,67
22,00.22.64,415,209,206,607,308,299
22,00.22.65,255,127,128,512,262,250
22,00.22.66,600,452,148,1244,649,595
22,00.22.67,398,250,148,1094,544,550
22,00.22.68,178,98,80,189,94,95
22,00.22.69,0,0,0,1643,865,778
22,00.22.70,753,417,336,862,454,408
22,00.22.71,838,445,393,1145,582,563
22,00.22.72,328,226,102,893,456,437
22,00.22.73,445,275,170,1155,549,606
22,00.22.74,669,360,309,1383,683,700
22,00.22.75,397,264,133,995,487,508
22,00.22.76,338,194,144,803,352,451
22,00.22.77,294,153,141,497,226,271
22,00.22.78,121,72,49,166,83,83
22,00.22.79,523,341,182,1397,697,700
22,00.22.80,425,250,175,1041,538,503
22,00.22.81,601,348,253,1183,604,579
23,00.23.01,1222,631,591,2020,958,1062
23,00.23.02,1507,748,759,2517,1174,1343
23,00.23.03,1641,824,817,2658,1269,1389
23,00.23.04,760,391,369,1240,590,650
23,00.23.05,231,123,108,314,164,150
23,00.23.06,398,194,204,570,276,294
23,00.23.07,108,62,46,177,96,81
23,00.23.08,507,296,211,1142,596,546
23,00.23.09,380,224,156,652,344,308
23,00.23.10,1139,585,554,2721,1369,1352
23,00.23.11,558,335,223,1229,628,601
23,00.23.12,818,536,282,1935,1009,926
23,00.23.13,230,105,125,597,275,322
23,00.23.14,426,247,179,861,432,429
23,00.23.15,186,110,76,489,257,232
23,00.23.16,206,113,93,308,162,146
23,00.23.17,517,302,215,1224,619,605
23,00.23.18,212,113,99,503,250,253
23,00.23.19,631,343,288,1429,698,731
23,00.23.20,410,234,176,775,385,390
23,00.23.21,327,170,157,629,306,323
23,00.23.22,678,330,348,1865,964,901
23,00.23.23,1038,608,430,2705,1291,1414
23,00.23.24,1091,653,438,2708,1302,1406
23,00.23.25,197,101,96,475,238,237
23,00.23.26,803,486,317,3036,1472,1564
23,00.23.27,600,361,239,2323,1130,1193
23,00.23.28,616,357,259,1342,656,686
23,00.23.29,142,86,56,439,229,210
23,00.23.30,181,102,79,325,160,165
23,00.23.31,124,73,51,257,131,126
23,00.23.32,865,510,355,1245,656,589
23,00.23.33,374,219,155,855,434,421
23,00.23.34,556,345,211,1099,580,519
23,00.23.35,268,153,115,348,189,159
23,00.23.36,224,123,101,630,324,306
23,00.23.37,174,92,82,271,132,139
23,00.23.38,868,438,430,1416,661,755
23,00.23.39,923,471,452,1431,683,748
23,00.23.40,847,416,431,1413,669,744
23,00.23.41,682,362,320,906,449,457
23,00.23.42,577,329,248,1370,710,660
23,00.23.43,187,113,74,686,346,340
23,00.23.44,273,162,111,446,225,221
23,00.23.45,118,56,62,223,112,111
23,00.23.46,77,38,39,133,70,63
23,00.23.47,161,94,67,517,261,256
23,00.23.48,275,161,114,584,293,291
23,00.23.49,84,47,37,247,120,127
23,00.23.50,155,89,66,371,181,190
23,00.23.51,355,231,124,1367,735,632
23,00.23.52,343,200,143,1318,678,640
24,00.24.01,654,322,332,1087,515,572
24,00.24.02,764,360,404,1262,594,668
24,00.24.03,319,156,163,633,332,301
24,00.24.04,698,363,335,1360,662,698
24,00.24.05,238,129,109,694,382,312
24,00.24.06,36,20,16,86,56,30
24,00.24.07,195,99,96,513,257,256
24,00.24.08,474,270,204,657,346,311
24,00.24.09,338,194,144,482,257,225
24,00.24.10,272,156,116,451,242,209
24,00.24.11,55,33,22,74,46,28
24,00.24.12,498,286,212,711,387,324
24,00.24.13,120,72,48,173,88,85
24,00.24.14,115,57,58,272,130,142
24,00.24.15,94,55,39,210,99,111
24,00.24.16,377,203,174,494,265,229
24,00.24.17,501,280,221,670,354,316
24,00.24.18,113,58,55,127,67,60
24,00.24.19,275,148,127,459,234,225
24,00.24.20,249,131,118,413,202,211
24,00.24.21,149,80,69,341,171,170
24,00.24.22,630,327,303,1185,613,572
24,00.24.23,59,34,25,101,45,56
24,00.24.24,366,176,190,757,369,388
24,00.24.25,128,76,52,316,169,147
24,00.24.26,182,93,89,381,182,199
24,00.24.27,36,31,5,29,22,7
24,00.24.28,161,81,80,413,204,209
24,00.24.29,307,163,144,697,367,330
24,00.24.30,64,34,30,163,91,72
24,00.24.31,55,30,25,298,148,150
24,00.24.32,567,317,250,681,360,321
24,00.24.33,34,21,13,37,20,17
24,00.24.34,28,19,9,23,10,13
24,00.24.35,132,63,69,233,102,131
24,00.24.36,125,59,66,254,128,126
24,00.24.37,152,86,66,261,144,117
24,00.24.38,216,102,114,475,227,248
24,00.24.39,357,191,166,701,348,353
24,00.24.40,117,60,57,192,99,93
24,00.24.41,51,31,20,56,30,26
24,00.24.42,154,90,64,285,157,128
24,00.24.43,497,299,198,1141,587,554
24,00.24.44,119,54,65,301,136,165
24,00.24.45,155,94,61,298,146,152
24,00.24.46,161,75,86,448,217,231
24,00.24.47,197,95,102,334,157,177
24,00.24.48,433,224,209,619,292,327
24,00.24.49,239,132,107,322,174,148
24,00.24.50,462,228,234,898,453,445
25,00.25.01,1242,618,624,2977,1423,1554
25,00.25.02,193,101,92,543,268,275
25,00.25.03,136,79,57,258,136,122
25,00.25.04,157,81,76,247,124,123
25,00.25.05,67,38,29,112,60,52
25,00.25.06,371,193,178,653,330,323
25,00.25.07,159,79,80,280,139,141
25,00.25.08,52,31,21,97,43,54
25,00.25.09,81,35,46,186,93,93
25,00.25.10,200,108,92,707,366,341
25,00.25.11,190,107,83,341,176,165
25,00.25.12,164,95,69,286,155,131
25,00.25.13,144,71,73,321,169,152
25,00.25.14,123,67,56,237,119,118
25,00.25.15,46,31,15,80,47,33
25,00.25.16,350,190,160,703,337,366
25,00.25.17,124,69,55,270,152,118
25,00.25.18,167,109,58,374,204,170
25,00.25.19,104,58,46,256,146,110
25,00.25.20,235,114,121,497,241,256
25,00.25.21,297,166,131,626,320,306
25,00.25.22,366,112,254,756,327,429
25,00.25.23,211,91,120,335,156,179
25,00.25.24,262,135,127,618,306,312
25,00.25.25,286,143,143,639,303,336
25,00.25.26,211,74,137,439,178,261
25,00.25.27,254,138,116,515,270,245
25,00.25.28,69,39,30,323,173,150
25,00.25.29,226,80,146,447,181,266
25,00.25.30,445,148,297,984,423,561
25,00.25.31,145,56,89,274,121,153
25,00.25.32,406,216,190,1072,515,557
25,00.25.33,276,152,124,418,216,202
25,00.25.34,380,158,222,792,308,484
25,00.25.35,243,141,102,389,205,184
25,00.25.36,126,71,55,203,106,97
25,00.25.37,170,54,116,402,160,242
25,00.25.38,147,68,79,258,120,138
25,00.25.39,165,68,97,288,121,167
26,00.26.01,1346,614,732,2637,1144,1493
26,00.26.02,494,212,282,875,365,510
26,00.26.03,255,113,142,496,231,265
26,00.26.04,622,287,335,973,457,516
26,00.26.05,537,267,270,919,429,490
26,00.26.06,96,44,52,146,64,82
26,00.26.07,716,337,379,998,444,554
26,00.26.08,827,433,394,1356,679,677
26,00.26.09,299,153,146,434,211,223
26,00.26.10,124,71,53,185,102,83
26,00.26.11,370,217,153,580,308,272
26,00.26.12,294,162,132,430,216,214
26,00.26.13,150,86,64,200,109,91
26,00.26.14,542,294,248,819,419,400
26,00.26.15,168,91,77,260,131,129
26,00.26.16,146,71,75,204,106,98
26,00.26.17,458,267,191,771,406,365
26,00.26.18,116,58,58,167,87,80
26,00.26.19,242,145,97,368,201,167
26,00.26.20,227,125,102,407,213,194
26,00.26.21,222,113,109,368,188,180
26,00.26.22,578,268,310,1233,583,650
26,00.26.23,317,148,169,748,355,393
26,00.26.24,249,132,117,365,168,197
26,00.26.25,66,34,32,77,38,39
26,00.26.26,250,132,118,308,152,156
26,00.26.27,222,120,102,338,176,162
26,00.26.28,61,35,26,96,47,49
26,00.26.29,300,168,132,467,244,223
26,00.26.30,242,133,109,332,162,170
26,00.26.31,88,45,43,144,73,71
26,00.26.32,35,26,9,52,33,19
26,00.26.33,234,126,108,407,195,212
26,00.26.34,122,58,64,173,85,88
26,00.26.35,162,87,75,291,158,133
26,00.26.36,116,73,43,209,122,87
26,00.26.37,280,169,111,466,245,221
26,00.26.38,252,88,164,404,204,200
26,00.26.39,151,94,57,249,134,115
26,00.26.40,56,32,24,65,30,35
27,00.27.01,1068,469,599,1419,614,805
27,00.27.02,1343,638,705,2179,989,1190
27,00.27.03,432,203,229,636,274,362
27,00.27.04,843,418,425,1142,536,606
27,00.27.05,984,462,522,1504,655,849
27,00.27.06,1536,793,743,2236,1064,1172
27,00.27.07,1000,557,443,1405,678,727
27,00.27.08,898,469,429,1571,756,815
27,00.27.09,550,299,251,817,398,419
27,00.27.10,640,283,357,1059,556,503
27,00.27.11,865,497,368,1387,697,690
27,00.27.12,609,337,272,999,511,488
27,00.27.13,261,130,131,361,179,182
27,00.27.14,890,304,586,1459,719,740
27,00.27.15,822,425,397,1321,644,677
27,00.27.16,817,432,385,1271,607,664
27,00.27.17,599,321,278,944,489,455
27,00.27.18,821,446,375,1233,630,603
27,00.27.19,356,196,160,492,242,250
27,00.27.20,527,278,249,898,450,448
27,00.27.21,580,342,238,877,445,432
27,00.27.22,292,154,138,485,234,251
27,00.27.23,662,365,297,1011,514,497
27,00.27.24,751,435,316,1200,603,597
27,00.27.25,523,262,261,872,437,435
27,00.27.26,772,357,415,1307,600,707
27,00.27.27,1329,697,632,2383,1170,1213
27,00.27.28,886,449,437,1331,624,707
27,00.27.29,862,459,403,1347,647,700
27,00.27.30,1111,572,539,1693,812,881
27,00.27.31,528,260,268,796,373,423
27,00.27.32,520,334,186,799,398,401
27,00.27.33,1251,640,611,1866,936,930
27,00.27.34,410,213,197,572,284,288
27,00.27.35,932,510,422,1397,679,718
27,00.27.36,392,211,181,553,270,283
27,00.27.37,359,203,156,473,251,222
27,00.27.38,545,315,230,835,419,416
27,00.27.39,544,327,217,865,437,428
27,00.27.40,365,345,20,0,,
27,00.27.41,89,70,19,0,,
28,00.28.01,756,344,412,1356,607,749
28,00.28.02,726,353,373,1435,653,782
28,00.28.03,758,353,405,1399,649,750
28,00.28.04,731,360,371,1504,729,775
28,00.28.05,489,273,216,924,446,478
28,00.28.06,1072,480,592,1985,899,1086
28,00.28.07,644,303,341,1177,547,630
28,00.28.08,96,55,41,220,108,112
28,00.28.09,334,175,159,482,233,249
28,00.28.10,391,213,178,703,355,348
28,00.28.11,382,242,140,608,322,286
28,00.28.12,242,153,89,424,224,200
28,00.28.13,664,339,325,1232,589,643
28,00.28.14,106,69,37,198,100,98
28,00.28.15,139,80,59,268,128,140
28,00.28.16,162,102,60,288,173,115
28,00.28.17,230,122,108,470,230,240
28,00.28.18,263,142,121,454,224,230
28,00.28.19,127,68,59,235,123,112
28,00.28.20,78,49,29,137,86,51
28,00.28.21,112,56,56,206,99,107
28,00.28.22,49,31,18,103,59,44
28,00.28.23,249,130,119,461,230,231
28,00.28.24,107,65,42,170,97,73
28,00.28.25,81,44,37,128,78,50
28,00.28.26,156,86,70,287,150,137
28,00.28.27,88,62,26,191,121,70
28,00.28.28,67,57,10,160,111,49
28,00.28.29,221,134,87,334,155,179
28,00.28.30,477,244,233,784,390,394
28,00.28.31,330,169,161,684,331,353
28,00.28.32,446,242,204,751,388,363
28,00.28.33,469,268,201,821,410,411
28,00.28.34,148,80,68,234,110,124
28,00.28.35,95,55,40,171,92,79
28,00.28.36,242,129,113,357,192,165
28,00.28.37,120,63,57,230,108,122
28,00.28.38,462,262,200,918,470,448
28,00.28.39,167,104,63,278,157,121
28,00.28.40,507,272,235,773,395,378
28,00.28.41,180,106,74,276,140,136
28,00.28.42,188,97,91,321,160,161
28,00.28.43,425,243,182,620,324,296
28,00.28.44,153,84,69,215,114,101
28,00.28.45,329,183,146,526,284,242
28,00.28.46,344,195,149,593,298,295
28,00.28.47,83,61,22,160,87,73
28,00.28.48,266,156,110,419,215,204
28,00.28.49,245,146,99,556,292,264
29,00.29.01,942,472,470,1493,715,778
29,00.29.02,329,160,169,485,216,269
29,00.29.03,383,193,190,633,311,322
29,00.29.04,188,116,72,308,168,140
29,00.29.05,373,200,173,620,317,303
29,00.29.06,488,258,230,990,489,501
29,00.29.07,361,189,172,681,335,346
29,00.29.08,132,69,63,242,121,121
29,00.29.09,98,64,34,128,82,46
29,00.29.10,183,112,71,231,148,83
30,00.30.01,742,372,370,1210,563,647
30,00.30.02,1136,531,605,2179,968,1211
30,00.30.03,770,391,379,1397,658,739
30,00.30.04,1400,673,727,2633,1206,1427
30,00.30.05,989,578,411,2186,1108,1078
30,00.30.06,710,402,308,1223,616,607
30,00.30.07,700,438,262,1608,835,773
30,00.30.08,1280,643,637,2145,1074,1071
30,00.30.09,521,273,248,808,398,410
30,00.30.10,664,338,326,992,503,489
30,00.30.11,780,437,343,1245,615,630
30,00.30.12,525,304,221,747,384,363
30,00.30.13,108,53,55,148,73,75
30,00.30.14,975,553,422,1452,763,689
30,00.30.15,812,426,386,1210,601,609
30,00.30.16,792,403,389,1324,638,686
30,00.30.17,228,141,87,341,179,162
30,00.30.18,394,226,168,685,344,341
30,00.30.19,744,417,327,1262,650,612
30,00.30.20,1255,687,568,2013,1019,994
30,00.30.21,274,151,123,509,237,272
30,00.30.22,735,428,307,1223,626,597
30,00.30.23,395,242,153,682,370,312
30,00.30.24,637,412,225,1258,637,621
30,00.30.25,358,201,157,585,294,291
30,00.30.26,451,251,200,698,355,343
30,00.30.27,908,485,423,1482,753,729
30,00.30.28,495,248,247,795,389,406
30,00.30.29,809,447,362,1290,658,632
30,00.30.30,821,452,369,1341,638,703
30,00.30.31,843,420,423,1398,643,755
30,00.30.32,551,308,243,904,460,444
32,00.32.01,790,372,418,1357,618,739
32,00.32.02,714,338,376,1239,558,681
32,00.32.03,725,308,417,1170,478,692
32,00.32.04,871,402,469,1457,642,815
32,00.32.05,833,375,458,1418,620,798
32,00.32.06,1474,614,860,2353,1002,1351
32,00.32.07,1282,567,715,2000,875,1125
32,00.32.08,690,322,368,1167,522,645
32,00.32.09,882,439,443,1474,699,775
32,00.32.10,791,371,420,1192,528,664
32,00.32.11,674,289,385,1103,467,636
32,00.32.12,794,390,404,1175,545,630
32,00.32.13,712,359,353,1078,526,552
32,00.32.14,1101,481,620,1836,801,1035
32,00.32.15,1392,657,735,2591,1149,1442
32,00.32.16,1254,501,753,2271,915,1356
32,00.32.17,839,337,502,1441,660,781
32,00.32.18,663,351,312,995,442,553
32,00.32.19,854,385,469,1410,616,794
32,00.32.20,746,377,369,1430,610,820
32,00.32.21,831,367,464,1527,624,903
32,00.32.22,1186,537,649,2286,955,1331
32,00.32.23,688,299,389,1268,544,724
32,00.32.24,723,318,405,1327,580,747
32,00.32.25,800,342,458,1240,562,678
32,00.32.26,560,280,280,764,371,393
32,00.32.27,280,151,129,541,276,265
32,00.32.28,901,495,406,1476,732,744
32,00.32.29,492,301,191,861,456,405
32,00.32.30,771,397,374,1316,603,713
32,00.32.31,322,201,121,575,305,270
32,00.32.32,456,232,224,749,369,380
32,00.32.33,449,248,201,769,407,362
32,00.32.34,1340,730,610,2352,1159,1193
32,00.32.35,406,237,169,723,381,342
32,00.32.36,355,228,127,610,304,306
32,00.32.37,157,94,63,313,170,143
32,00.32.38,810,543,267,1228,604,624
32,00.32.39,689,401,288,1122,539,583
32,00.32.40,1006,392,614,1537,729,808
32,00.32.41,834,502,332,1370,693,677
32,00.32.42,328,205,123,483,258,225
32,00.32.43,464,267,197,801,425,376
32,00.32.44,844,485,359,1435,744,691
32,00.32.45,495,291,204,861,447,414
32,00.32.46,727,365,362,1254,598,656
32,00.32.47,597,292,305,955,462,493
32,00.32.48,734,398,336,1352,665,687
32,00.32.49,746,414,332,1477,709,768
32,00.32.50,823,464,359,1287,650,637
32,00.32.51,679,346,333,1217,568,649
32,00.32.52,539,222,317,884,403,481
32,00.32.53,508,255,253,813,368,445
32,00.32.54,843,404,439,1451,669,782
32,00.32.55,1619,807,812,2722,1278,1444
32,00.32.56,928,559,369,1920,1011,909
32,00.32.57,172,95,77,315,154,161
32,00.32.58,607,322,285,876,401,475
32,00.32.59,646,339,307,1013,504,509
32,00.32.60,403,188,215,656,317,339
32,00.32.61,918,481,437,1559,769,790
32,00.32.62,821,494,327,1411,682,729
32,00.32.63,826,443,383,1313,642,671
32,00.32.64,615,352,263,1053,533,520
32,00.32.65,256,157,99,444,230,214
32,00.32.66,747,373,374,1164,548,616
32,00.32.67,864,478,386,1480,710,770
32,00.32.68,508,269,239,810,404,406
32,00.32.69,651,366,285,1157,588,569
32,00.32.70,487,223,264,827,377,450
32,00.32.71,1377,780,597,2189,1132,1057
32,00.32.72,412,249,163,568,310,258
32,00.32.73,631,377,254,993,468,525
32,00.32.74,567,276,291,875,452,423
32,00.32.75,746,421,325,1241,603,638
32,00.32.76,309,173,136,469,246,223
32,00.32.77,864,496,368,1390,697,693
32,00.32.78,890,458,432,1463,731,732
32,00.32.79,940,483,457,1484,736,748
32,00.32.80,1088,449,639,1809,940,869
32,00.32.81,236,130,106,369,183,186
32,00.32.82,637,389,248,1109,566,543
32,00.32.83,771,424,347,1490,730,760
32,00.32.84,903,455,448,1294,643,651
32,00.32.85,258,120,138,323,161,162
32,00.32.86,114,61,53,175,87,88
32,00.32.87,158,88,70,209,107,102
32,00.32.88,316,192,124,426,208,218
32,00.32.89,219,112,107,285,146,139
32,00.32.90,473,257,216,928,441,487
32,00.32.91,515,323,192,955,507,448
32,00.32.92,603,334,269,1039,518,521
32,00.32.93,768,428,340,1401,685,716
32,00.32.94,386,199,187,690,325,365
32,00.32.95,945,562,383,1381,658,723
33,00.33.01,959,490,469,1425,669,756
33,00.33.02,837,412,425,1335,641,694
33,00.33.03,874,426,448,1467,708,759
33,00.33.04,971,491,480,1711,785,926
33,00.33.05,628,319,309,1094,505,589
33,00.33.06,1138,645,493,1914,953,961
33,00.33.07,613,326,287,973,522,451
33,00.33.08,777,432,345,1259,644,615
33,00.33.09,307,176,131,457,252,205
33,00.33.10,736,377,359,1022,518,504
33,00.33.11,125,65,60,206,101,105
33,00.33.12,797,472,325,1168,612,556
33,00.33.13,605,308,297,850,421,429
33,00.33.14,790,443,347,1274,660,614
33,00.33.15,510,290,220,764,409,355
33,00.33.16,518,256,262,791,393,398
33,00.33.17,282,154,128,454,225,229
33,00.33.18,942,447,495,1428,667,761
33,00.33.19,1408,768,640,2378,1210,1168
33,00.33.20,772,410,362,1222,612,610
33,00.33.21,535,288,247,853,432,421
33,00.33.22,288,154,134,430,224,206
33,00.33.23,279,138,141,478,222,256
33,00.33.24,134,64,70,239,112,127
33,00.33.25,1125,589,536,1788,873,915
33,00.33.26,702,407,295,1098,588,510
33,00.33.27,862,486,376,1497,782,715
33,00.33.28,849,466,383,1468,767,701
33,00.33.29,931,508,423,1452,732,720
33,00.33.30,675,355,320,926,472,454
33,00.33.31,1009,567,442,1615,816,799
33,00.33.32,199,100,99,316,154,162
33,00.33.33,151,77,74,219,113,106
33,00.33.34,863,470,393,1509,701,808
33,00.33.35,107,56,51,132,65,67
35,00.35.01,1266,855,411,2322,1156,1166
35,00.35.02,1505,718,787,2455,1150,1305
35,00.35.03,746,353,393,1363,623,740
35,00.35.04,1107,561,546,1991,974,1017
35,00.35.05,1432,712,720,2347,1111,1236
35,00.35.06,1148,567,581,1992,936,1056
35,00.35.07,1232,571,661,2009,915,1094
35,00.35.08,1331,634,697,2153,1044,1109
35,00.35.09,1074,535,539,1996,904,1092
35,00.35.10,759,377,382,1364,656,708
35,00.35.11,433,198,235,916,423,493
35,00.35.12,411,228,183,665,353,312
35,00.35.13,1258,632,626,2317,1160,1157
35,00.35.14,1343,647,696,2299,1111,1188
35,00.35.15,1223,629,594,2161,1021,1140
35,00.35.16,314,180,134,466,255,211
35,00.35.17,625,370,255,937,504,433
35,00.35.18,187,110,77,259,139,120
35,00.35.19,410,233,177,696,358,338
35,00.35.20,740,382,358,1133,539,594
35,00.35.21,280,167,113,406,208,198
35,00.35.22,677,385,292,1077,547,530
35,00.35.23,1052,577,475,1725,866,859
35,00.35.24,533,273,260,823,411,412
35,00.35.25,325,195,130,502,268,234
35,00.35.26,850,478,372,1313,675,638
35,00.35.27,683,348,335,1090,512,578
35,00.35.28,626,328,298,970,486,484
35,00.35.29,534,301,233,804,413,391
35,00.35.30,1021,557,464,1649,824,825
35,00.35.31,419,231,188,778,383,395
35,00.35.32,286,162,124,433,216,217
35,00.35.33,296,163,133,421,214,207
35,00.35.34,53,26,27,64,32,32
35,00.35.35,104,61,43,133,75,58
35,00.35.36,1270,642,628,2268,1090,1178
35,00.35.37,539,314,225,952,488,464
35,00.35.38,388,206,182,625,319,306
36,00.36.01,1027,474,553,1752,763,989
36,00.36.02,574,272,302,1039,472,567
36,00.36.03,1243,539,704,1962,843,1119
36,00.36.04,958,464,494,1648,754,894
36,00.36.05,1072,482,590,1698,754,944
36,00.36.06,1008,479,529,1765,819,946
36,00.36.07,598,271,327,1025,427,598
36,00.36.08,441,214,227,819,399,420
36,00.36.09,1009,545,464,1703,819,884
36,00.36.10,633,316,317,997,466,531
36,00.36.11,702,599,103,1144,514,630
36,00.36.12,216,118,98,337,176,161
36,00.36.13,1083,536,547,1633,761,872
36,00.36.14,211,108,103,345,177,168
36,00.36.15,848,447,401,1316,617,699
36,00.36.16,388,212,176,660,330,330
36,00.36.17,219,106,113,526,270,256
36,00.36.18,1096,605,491,1656,836,820
36,00.36.19,731,396,335,1103,520,583
36,00.36.20,925,477,448,1389,668,721
36,00.36.21,435,221,214,642,305,337
36,00.36.22,451,234,217,658,315,343
36,00.36.23,264,139,125,644,296,348
36,00.36.24,74,39,35,182,91,91
37,00.37.01,1362,615,747,2169,949,1220
37,00.37.02,1482,682,800,2460,1126,1334
37,00.37.03,812,366,446,1159,521,638
37,00.37.04,1414,665,749,2327,1075,1252
37,00.37.05,673,331,342,1149,524,625
37,00.37.06,665,305,360,1033,481,552
37,00.37.07,410,196,214,673,318,355
37,00.37.08,1468,704,764,2192,1023,1169
37,00.37.09,795,412,383,1220,619,601
37,00.37.10,1222,572,650,2001,909,1092
37,00.37.11,213,92,121,323,145,178
37,00.37.12,939,499,440,1357,713,644
37,00.37.13,328,165,163,475,235,240
37,00.37.14,726,395,331,1049,528,521
37,00.37.15,459,260,199,683,353,330
37,00.37.16,896,477,419,1342,675,667
37,00.37.17,695,371,324,982,492,490
37,00.37.18,579,261,318,988,434,554
37,00.37.19,286,129,157,434,190,244
37,00.37.20,470,257,213,708,362,346
37,00.37.21,837,400,437,1485,712,773
37,00.37.22,1135,631,504,1611,822,789
37,00.37.23,561,301,260,804,414,390
37,00.37.24,637,285,352,1179,500,679
37,00.37.25,805,365,440,1317,612,705
37,00.37.26,212,88,124,374,156,218
37,00.37.27,808,359,449,1178,567,611
37,00.37.28,522,323,199,863,462,401
38,00.38.01,1141,559,582,1646,772,874
38,00.38.02,750,349,401,1178,512,666
38,00.38.03,1081,555,526,1418,729,689
38,00.38.04,641,348,293,866,450,416
38,00.38.05,671,379,292,1010,532,478
38,00.38.06,1063,582,481,1599,813,786
38,00.38.07,514,305,209,827,435,392
38,00.38.08,512,298,214,873,465,408
38,00.38.09,455,261,194,694,355,339
38,00.38.10,277,150,127,450,229,221
38,00.38.11,231,127,104,254,122,132
38,00.38.12,1011,518,493,1355,662,693
38,00.38.13,277,164,113,387,209,178
38,00.38.14,547,333,214,796,432,364
38,00.38.15,511,289,222,750,380,370
38,00.38.16,972,515,457,1315,673,642
39,00.39.01,1028,483,545,1469,684,785
39,00.39.02,207,101,106,270,137,133
39,00.39.03,318,184,134,424,222,202
39,00.39.04,645,300,345,1113,483,630
39,00.39.05,63,40,23,70,40,30
39,00.39.06,66,29,37,92,49,43
39,00.39.07,220,113,107,301,157,144
39,00.39.08,355,193,162,479,253,226
39,00.39.09,354,192,162,455,240,215
39,00.39.10,256,135,121,302,163,139
39,00.39.11,143,95,48,211,105,106
39,00.39.12,217,113,104,292,148,144
39,00.39.13,103,47,56,119,59,60
39,00.39.14,97,59,38,127,69,58
39,00.39.15,287,148,139,355,179,176
39,00.39.16,349,190,159,446,233,213
39,00.39.17,148,73,75,232,110,122
39,00.39.18,308,165,143,389,198,191
39,00.39.19,224,128,96,289,158,131
39,00.39.20,387,210,177,562,295,267
39,00.39.21,138,79,59,171,100,71
39,00.39.22,196,112,84,252,142,110
39,00.39.23,1051,526,525,1351,628,723
40,00.40.01,1354,648,706,3010,1356,1654
40,00.40.02,932,423,509,2123,932,1191
40,00.40.03,610,281,329,976,469,507
40,00.40.04,191,80,111,394,170,224
40,00.40.05,200,72,128,375,167,208
40,00.40.06,125,47,78,268,129,139
40,00.40.07,321,155,166,534,251,283
40,00.40.08,290,138,152,463,218,245
40,00.40.09,198,45,153,328,164,164
40,00.40.10,341,151,190,694,298,396
40,00.40.11,283,105,178,575,229,346
40,00.40.12,265,119,146,410,183,227
40,00.40.13,221,62,159,508,189,319
40,00.40.14,429,231,198,673,306,367
40,00.40.15,585,268,317,813,382,431
40,00.40.16,228,108,120,675,327,348
40,00.40.17,222,102,120,268,132,136
40,00.40.18,191,91,100,248,121,127
40,00.40.19,178,103,75,280,144,136
40,00.40.20,80,48,32,96,54,42
40,00.40.21,862,478,384,1823,816,1007
40,00.40.22,488,212,276,1278,564,714
40,00.40.23,242,131,111,440,205,235
40,00.40.24,200,116,84,320,153,167
40,00.40.25,201,82,119,330,143,187
40,00.40.26,272,132,140,403,198,205
40,00.40.27,271,99,172,383,162,221
40,00.40.28,415,174,241,725,316,409
40,00.40.29,340,144,196,529,245,284
40,00.40.30,61,19,42,96,42,54
40,00.40.31,815,386,429,1176,493,683
40,00.40.32,550,228,322,928,390,538
40,00.40.33,341,167,174,484,224,260
40,00.40.34,432,195,237,727,332,395
40,00.40.35,98,41,57,125,53,72
40,00.40.36,378,203,175,624,289,335
40,00.40.37,36,19,17,47,21,26
40,00.40.38,286,163,123,393,203,190
40,00.40.39,186,81,105,351,168,183
40,00.40.40,170,77,93,442,209,233
40,00.40.41,164,71,93,334,159,175
40,00.40.42,469,253,216,759,386,373
40,00.40.43,77,35,42,155,75,80
40,00.40.44,61,22,39,88,37,51
40,00.40.45,868,414,454,1572,686,886
40,00.40.46,251,126,125,300,145,155
40,00.40.47,259,143,116,410,218,192
40,00.40.48,135,67,68,149,74,75
40,00.40.49,83,46,37,110,59,51
40,00.40.50,255,122,133,270,133,137
40,00.40.51,341,185,156,577,262,315
40,00.40.52,390,197,193,617,296,321
40,00.40.53,92,40,52,118,52,66
40,00.40.54,48,22,26,90,43,47
40,00.40.55,342,159,183,681,287,394
40,00.40.56,186,101,85,273,141,132
40,00.40.57,223,85,138,382,185,197
40,00.40.58,380,136,244,915,364,551
40,00.40.59,386,201,185,556,262,294
40,00.40.60,446,195,251,672,280,392
40,00.40.61,279,135,144,387,179,208
40,00.40.62,1152,525,627,2746,1180,1566
41,00.41.01,756,328,428,1484,685,799
41,00.41.02,847,381,466,1647,755,892
41,00.41.03,853,340,513,1324,635,689
41,00.41.04,759,378,381,1355,665,690
41,00.41.05,760,384,376,1273,622,651
41,00.41.06,56,27,29,74,41,33
41,00.41.07,469,219,250,836,387,449
41,00.41.08,546,256,290,923,453,470
41,00.41.09,250,111,139,420,210,210
41,00.41.10,221,110,111,373,172,201
41,00.41.11,282,133,149,459,213,246
41,00.41.12,377,207,170,691,377,314
41,00.41.13,103,59,44,139,75,64
41,00.41.14,219,100,119,314,140,174
41,00.41.15,89,65,24,56,26,30
41,00.41.16,152,67,85,214,113,101
41,00.41.17,72,32,40,109,58,51
41,00.41.18,601,277,324,1055,490,565
41,00.41.19,293,142,151,446,210,236
41,00.41.20,194,100,94,223,108,115
41,00.41.21,838,329,509,1387,580,807
41,00.41.22,256,110,146,349,160,189
41,00.41.23,145,63,82,218,100,118
41,00.41.24,158,78,80,210,103,107
41,00.41.25,772,344,428,1310,599,711
41,00.41.26,377,166,211,629,277,352
41,00.41.27,278,124,154,532,257,275
41,00.41.28,205,98,107,327,159,168
41,00.41.29,75,38,37,133,68,65
41,00.41.30,27,14,13,41,27,14
41,00.41.31,164,62,102,229,119,110
41,00.41.32,482,302,180,1152,599,553
41,00.41.33,51,30,21,61,33,28
41,00.41.34,375,155,220,660,285,375
41,00.41.35,46,21,25,71,35,36
43,00.43.01,868,423,445,1395,634,761
43,00.43.02,645,300,345,1063,480,583
43,00.43.03,59,36,23,93,52,41
43,00.43.04,235,145,90,383,198,185
43,00.43.05,142,78,64,209,112,97
43,00.43.06,91,55,36,111,63,48
43,00.43.07,37,29,8,35,23,12
43,00.43.08,136,83,53,180,105,75
43,00.43.09,173,95,78,254,136,118
43,00.43.10,148,69,79,198,91,107
43,00.43.11,232,123,109,332,160,172
43,00.43.12,83,49,34,112,51,61
43,00.43.13,77,37,40,99,46,53
43,00.43.14,75,35,40,89,44,45
43,00.43.15,358,176,182,532,240,292
43,00.43.16,359,208,151,478,229,249
43,00.43.17,232,120,112,337,165,172
43,00.43.18,91,53,38,118,69,49
43,00.43.19,93,41,52,124,64,60
43,00.43.20,67,46,21,107,64,43
43,00.43.21,178,107,71,311,154,157
43,00.43.22,151,79,72,282,144,138
43,00.43.23,86,44,42,125,60,65
44,00.44.01,209,107,102,312,141,171
44,00.44.02,304,182,122,440,226,214
44,00.44.03,358,181,177,510,247,263
44,00.44.04,377,201,176,491,236,255
44,00.44.05,724,329,395,1060,488,572
44,00.44.06,842,379,463,1236,541,695
44,00.44.07,147,81,66,184,97,87
44,00.44.08,98,54,44,144,81,63
44,00.44.09,114,59,55,146,73,73
44,00.44.10,35,17,18,42,15,27
44,00.44.11,179,100,79,242,127,115
44,00.44.12,189,104,85,282,147,135
44,00.44.13,234,117,117,330,165,165
44,00.44.14,69,36,33,91,43,48
44,00.44.15,347,174,173,549,261,288
44,00.44.16,74,38,36,95,47,48
44,00.44.17,69,44,25,113,65,48
44,00.44.18,38,22,16,49,27,22
44,00.44.19,493,263,230,712,356,356
44,00.44.20,221,123,98,249,122,127
44,00.44.21,307,146,161,445,213,232
44,00.44.22,118,74,44,172,100,72
44,00.44.23,134,61,73,182,82,100
44,00.44.24,245,119,126,327,158,169
44,00.44.25,128,70,58,165,86,79
44,00.44.26,160,93,67,200,107,93
44,00.44.27,316,183,133,540,274,266
44,00.44.28,397,206,191,557,286,271
44,00.44.29,202,101,101,261,134,127
44,00.44.30,249,128,121,355,183,172
44,00.44.31,199,124,75,276,144,132
44,00.44.32,273,135,138,445,206,239
44,00.44.33,136,78,58,202,108,94
44,00.44.34,97,50,47,140,65,75
44,00.44.35,70,36,34,88,42,46
44,00.44.36,52,27,25,74,37,37
45,00.45.01,454,191,263,678,295,383
45,00.45.02,172,97,75,274,139,135
45,00.45.03,127,65,62,200,99,101
45,00.45.04,154,73,81,208,104,104
45,00.45.05,181,93,88,294,146,148
45,00.45.06,287,150,137,422,213,209
45,00.45.07,69,37,32,99,56,43
45,00.45.08,176,93,83,297,150,147
45,00.45.09,44,27,17,58,33,25
45,00.45.10,84,40,44,126,60,66
45,00.45.11,209,125,84,280,152,128
45,00.45.12,145,73,72,192,97,95
45,00.45.13,143,60,83,219,115,104
45,00.45.14,118,64,54,183,92,91
45,00.45.15,75,43,32,92,50,42
45,00.45.16,168,105,63,281,142,139
45,00.45.17,221,131,90,393,209,184
45,00.45.18,394,194,200,730,346,384
45,00.45.19,61,37,24,71,38,33
45,00.45.20,292,150,142,402,194,208
45,00.45.21,38,23,15,36,18,18
45,00.45.22,99,55,44,143,68,75
45,00.45.23,164,86,78,246,125,121
45,00.45.24,150,79,71,232,117,115
45,00.45.25,606,290,316,913,446,467
45,00.45.26,72,41,31,139,73,66
45,00.45.27,87,51,36,130,71,59
45,00.45.28,140,73,67,209,111,98
45,00.45.29,416,218,198,539,275,264
45,00.45.30,178,104,74,236,133,103
45,00.45.31,402,209,193,609,310,299
45,00.45.32,52,34,18,91,57,34
45,00.45.33,63,36,27,91,50,41
45,00.45.34,208,118,90,280,153,127
45,00.45.35,104,54,50,132,68,64
45,00.45.36,23,13,10,25,14,11
45,00.45.37,392,179,213,656,289,367
45,00.45.38,65,40,25,84,51,33
45,00.45.39,42,20,22,55,28,27
45,00.45.40,36,20,16,39,21,18
45,00.45.41,40,19,21,46,18,28
46,00.46.01,681,314,367,1333,610,723
46,00.46.02,102,53,49,185,104,81
46,00.46.03,159,80,79,302,157,145
46,00.46.04,97,45,52,140,79,61
46,00.46.05,153,72,81,236,122,114
46,00.46.06,80,41,39,158,92,66
46,00.46.07,251,126,125,378,200,178
46,00.46.08,101,60,41,130,79,51
46,00.46.09,176,100,76,319,181,138
46,00.46.10,71,38,33,108,60,48
46,00.46.11,117,66,51,220,122,98
46,00.46.12,207,116,91,400,207,193
46,00.46.13,186,97,89,288,147,141
46,00.46.14,130,67,63,262,140,122
46,00.46.15,102,57,45,148,77,71
46,00.46.16,0,0,0,46,27,19
46,00.46.17,146,72,74,255,125,130
46,00.46.18,109,62,47,163,92,71
46,00.46.19,74,41,33,117,66,51
46,00.46.20,107,60,47,188,94,94
46,00.46.21,70,34,36,121,65,56
46,00.46.22,92,44,48,148,85,63
46,00.46.23,91,49,42,150,82,68
47,00.47.01,590,287,303,1003,473,530
47,00.47.02,630,323,307,1044,496,548
47,00.47.03,178,93,85,348,175,173
47,00.47.04,104,63,41,170,83,87
47,00.47.05,88,57,31,155,81,74
47,00.47.06,58,34,24,113,55,58
47,00.47.07,53,30,23,100,48,52
47,00.47.08,67,31,36,115,53,62
47,00.47.09,31,20,11,48,26,22
47,00.47.10,23,16,7,28,15,13
47,00.47.11,144,80,64,193,95,98
47,00.47.12,58,35,23,57,28,29
47,00.47.13,64,43,21,112,65,47
47,00.47.14,64,32,32,78,40,38
47,00.47.15,270,136,134,555,267,288
47,00.47.16,49,29,20,75,42,33
47,00.47.17,67,34,33,108,46,62
47,00.47.18,36,17,19,65,29,36
47,00.47.19,51,35,16,63,39,24
47,00.47.20,300,154,146,623,299,324
47,00.47.21,79,41,38,103,58,45
47,00.47.22,161,93,68,240,132,108
47,00.47.23,79,45,34,144,80,64
47,00.47.24,78,49,29,143,74,69
47,00.47.25,63,41,22,104,57,47
47,00.47.26,156,98,58,254,138,116
47,00.47.27,45,20,25,59,29,30
47,00.47.28,135,79,56,227,120,107
47,00.47.29,89,51,38,140,76,64
47,00.47.30,110,59,51,153,80,73
47,00.47.31,35,18,17,51,26,25
47,00.47.32,120,77,43,188,108,80
47,00.47.33,85,45,40,137,69,68
47,00.47.34,142,78,64,203,102,101
47,00.47.35,69,34,35,77,36,41
47,00.47.36,217,141,76,379,191,188
47,00.47.37,240,143,97,409,218,191
47,00.47.38,258,135,123,458,222,236
47,00.47.39,91,51,40,127,66,61
47,00.47.40,192,102,90,306,139,167
48,00.48.01,820,372,448,1169,509,660
48,00.48.02,545,275,270,771,380,391
48,00.48.03,467,251,216,565,282,283
48,00.48.04,507,241,266,724,369,355
48,00.48.05,228,129,99,300,165,135
48,00.48.06,325,174,151,431,229,202
48,00.48.07,199,102,97,275,142,133
48,00.48.08,822,459,363,1059,539,520
48,00.48.09,442,233,209,667,343,324
48,00.48.10,527,253,274,706,364,342
48,00.48.11,748,445,303,1027,537,490
48,00.48.12,278,134,144,328,174,154
48,00.48.13,481,258,223,692,358,334
48,00.48.14,396,226,170,595,291,304
48,00.48.15,235,133,102,339,173,166
48,00.48.16,93,40,53,125,57,68
48,00.48.17,341,183,158,506,268,238
48,00.48.18,102,56,46,141,72,69
48,00.48.19,200,109,91,307,155,152
48,00.48.20,260,147,113,346,180,166
48,00.48.21,223,123,100,301,156,145
48,00.48.22,97,50,47,121,62,59
48,00.48.23,341,206,135,487,256,231
48,00.48.24,198,109,89,302,162,140
48,00.48.25,192,105,87,274,142,132
48,00.48.26,317,177,140,474,248,226
48,00.48.27,458,257,201,669,364,305
48,00.48.28,442,261,181,619,327,292
48,00.48.29,540,310,230,799,404,395
48,00.48.30,602,330,272,968,487,481
48,00.48.31,487,268,219,645,349,296
48,00.48.32,290,150,140,421,204,217
48,00.48.33,528,294,234,705,348,357
48,00.48.34,142,79,63,183,96,87
48,00.48.35,220,128,92,339,170,169
48,00.48.36,144,71,73,179,86,93
48,00.48.37,268,154,114,338,173,165
49,00.49.01,1400,656,744,2308,1055,1253
49,00.49.02,854,466,388,1264,617,647
49,00.49.03,747,354,393,1063,490,573
49,00.49.04,649,349,300,972,478,494
49,00.49.05,724,391,333,1001,521,480
49,00.49.06,965,526,439,1350,680,670
49,00.49.07,374,223,151,588,298,290
49,00.49.08,324,161,163,413,206,207
49,00.49.09,659,361,298,1066,539,527
49,00.49.10,310,175,135,506,262,244
49,00.49.11,831,448,383,1324,673,651
49,00.49.12,741,416,325,1307,654,653
49,00.49.13,454,281,173,666,335,331
49,00.49.14,504,268,236,699,353,346
49,00.49.15,755,414,341,1227,647,580
49,00.49.16,796,458,338,1318,686,632
49,00.49.17,413,216,197,569,293,276
49,00.49.18,699,395,304,1147,597,550
49,00.49.19,155,79,76,270,132,138
49,00.49.20,924,505,419,1427,696,731
49,00.49.21,792,394,398,1127,550,577
49,00.49.22,998,537,461,1545,783,762
49,00.49.23,625,356,269,1080,539,541
49,00.49.24,1108,541,567,1766,885,881
49,00.49.25,748,386,362,1155,551,604
49,00.49.26,828,467,361,1406,706,700
49,00.49.27,869,483,386,1297,639,658
49,00.49.28,607,330,277,796,414,382
49,00.49.29,480,248,232,686,327,359
49,00.49.30,437,231,206,689,338,351
50,00.50.01,1072,483,589,1524,678,846
50,00.50.02,76,41,35,97,48,49
50,00.50.03,950,488,462,1408,655,753
50,00.50.04,760,359,401,1024,469,555
50,00.50.05,715,330,385,1113,481,632
50,00.50.06,711,330,381,1074,485,589
50,00.50.07,335,188,147,463,246,217
50,00.50.08,547,311,236,846,444,402
50,00.50.09,130,65,65,154,79,75
50,00.50.10,1344,737,607,1840,955,885
50,00.50.11,286,168,118,403,222,181
50,00.50.12,552,289,263,804,383,421
50,00.50.13,213,106,107,318,164,154
50,00.50.14,322,153,169,392,184,208
50,00.50.15,826,456,370,1188,611,577
50,00.50.16,482,256,226,668,335,333
50,00.50.17,409,216,193,583,291,292
50,00.50.18,588,328,260,880,457,423
50,00.50.19,761,415,346,1143,591,552
50,00.50.20,376,197,179,550,271,279
50,00.50.21,451,243,208,619,320,299
50,00.50.22,681,387,294,1020,536,484
50,00.50.23,517,278,239,777,389,388
50,00.50.24,573,298,275,867,420,447
50,00.50.25,376,179,197,552,271,281
50,00.50.26,1221,638,583,1910,908,1002
50,00.50.27,71,37,34,81,41,40
50,00.50.28,497,278,219,661,333,328
50,00.50.29,660,335,325,812,385,427
50,00.50.30,281,146,135,411,207,204
50,00.50.31,464,252,212,649,328,321
50,00.50.32,681,359,322,1004,482,522
50,00.50.33,306,142,164,421,202,219
50,00.50.34,779,410,369,1199,596,603
50,00.50.35,199,104,95,282,132,150
50,00.50.36,1230,652,578,1775,906,869
50,00.50.37,154,80,74,218,109,109
50,00.50.38,856,446,410,1161,565,596
50,00.50.39,724,369,355,1052,488,564
50,00.50.40,142,63,79,194,93,101
50,00.50.41,270,136,134,380,187,193
50,00.50.42,680,385,295,985,512,473
50,00.50.43,541,261,280,855,400,455
50,00.50.44,541,285,256,763,380,383
50,00.50.45,301,181,120,417,216,201
50,00.50.46,288,156,132,412,218,194
50,00.50.47,402,240,162,592,315,277
50,00.50.48,442,260,182,678,377,301
50,00.50.49,281,156,125,405,206,199
50,00.50.50,141,83,58,203,106,97
50,00.50.51,736,409,327,1134,559,575
50,00.50.52,297,147,150,417,208,209
50,00.50.53,541,288,253,822,395,427
51,00.51.01,1393,703,690,2440,1113,1327
51,00.51.02,625,305,320,1101,527,574
51,00.51.03,773,416,357,1271,599,672
51,00.51.04,1241,582,659,2172,941,1231
51,00.51.05,1144,493,651,2033,872,1161
51,00.51.06,1523,766,757,2614,1263,1351
51,00.51.07,726,364,362,1242,560,682
51,00.51.08,739,371,368,1069,497,572
51,00.51.09,741,345,396,1377,609,768
51,00.51.10,1175,537,638,2324,1018,1306
51,00.51.11,640,298,342,1092,484,608
51,00.51.12,802,484,318,1276,718,558
51,00.51.13,1179,633,546,1769,900,869
51,00.51.14,643,324,319,956,460,496
51,00.51.15,537,289,248,876,456,420
51,00.51.16,524,278,246,817,414,403
51,00.51.17,704,408,296,1322,666,656
51,00.51.18,815,439,376,1357,689,668
51,00.51.19,593,327,266,904,472,432
51,00.51.20,740,406,334,1177,602,575
51,00.51.21,576,314,262,912,463,449
51,00.51.22,815,439,376,1312,643,669
51,00.51.23,516,282,234,838,426,412
51,00.51.24,708,418,290,1176,638,538
51,00.51.25,692,322,370,1187,549,638
51,00.51.26,1171,654,517,1923,1015,908
51,00.51.27,353,201,152,539,280,259
51,00.51.28,581,323,258,890,460,430
51,00.51.29,588,368,220,875,482,393
51,00.51.30,586,366,220,917,494,423
51,00.51.31,354,211,143,572,297,275
51,00.51.32,871,483,388,1404,724,680
51,00.51.33,641,364,277,1002,547,455
51,00.51.34,760,431,329,1310,684,626
51,00.51.35,497,301,196,885,479,406
51,00.51.36,651,337,314,1005,500,505
51,00.51.37,626,358,268,1134,551,583
51,00.51.38,399,226,173,665,339,326
51,00.51.39,482,289,193,765,381,384
51,00.51.40,632,356,276,963,485,478
51,00.51.41,623,377,246,942,507,435
51,00.51.42,450,227,223,692,345,347
51,00.51.43,458,241,217,743,364,379
51,00.51.44,696,395,301,1066,531,535
52,00.52.01,641,296,345,1063,457,606
52,00.52.02,590,320,270,946,448,498
52,00.52.03,1066,525,541,1772,807,965
52,00.52.04,564,289,275,921,440,481
52,00.52.05,523,280,243,933,454,479
52,00.52.06,431,245,186,718,367,351
52,00.52.07,919,489,430,1572,786,786
52,00.52.08,272,148,124,488,240,248
52,00.52.09,869,474,395,1466,741,725
52,00.52.10,785,438,347,1277,628,649
52,00.52.11,281,140,141,441,208,233
52,00.52.12,767,422,345,1242,606,636
52,00.52.13,830,406,424,1308,603,705
52,00.52.14,826,443,383,1321,676,645
52,00.52.15,585,320,265,894,433,461
52,00.52.16,548,303,245,868,434,434
52,00.52.17,254,146,108,411,197,214
52,00.52.18,210,116,94,345,183,162
52,00.52.19,171,103,68,256,150,106
52,00.52.20,340,182,158,589,294,295
52,00.52.21,140,71,69,203,96,107
52,00.52.22,207,119,88,310,159,151
52,00.52.23,425,215,210,601,291,310
52,00.52.24,467,258,209,759,359,400
53,00.53.01,1350,694,656,2289,1125,1164
53,00.53.02,1413,717,696,2414,1134,1280
53,00.53.03,667,353,314,958,483,475
53,00.53.04,849,455,394,1213,600,613
53,00.53.05,417,233,184,557,279,278
53,00.53.06,501,281,220,751,374,377
53,00.53.07,227,125,102,306,156,150
53,00.53.08,468,240,228,648,307,341
53,00.53.09,345,198,147,547,272,275
53,00.53.10,354,195,159,592,306,286
53,00.53.11,197,119,78,309,168,141
53,00.53.12,879,468,411,1398,690,708
53,00.53.13,335,211,124,622,326,296
53,00.53.14,922,519,403,1639,830,809
53,00.53.15,563,324,239,1017,490,527
53,00.53.16,234,125,109,359,176,183
53,00.53.17,448,261,187,689,348,341
53,00.53.18,458,269,189,731,400,331
53,00.53.19,369,214,155,602,303,299
53,00.53.20,979,551,428,1458,729,729
53,00.53.21,868,514,354,1416,724,692
53,00.53.22,987,549,438,1706,844,862
53,00.53.23,391,205,186,701,344,357
53,00.53.24,283,166,117,434,223,211
54,00.54.01,1309,574,735,2284,977,1307
54,00.54.02,1162,563,599,2082,935,1147
54,00.54.03,1235,567,668,2149,929,1220
54,00.54.04,1167,598,569,2282,1069,1213
54,00.54.05,1387,748,639,2402,1143,1259
54,00.54.06,591,291,300,1088,466,622
54,00.54.07,805,530,275,1341,642,699
54,00.54.08,672,350,322,1255,572,683
54,00.54.09,602,302,300,1070,497,573
54,00.54.10,668,334,334,1265,603,662
54,00.54.11,571,297,274,1250,597,653
54,00.54.12,1306,666,640,2518,1191,1327
54,00.54.13,749,371,378,1341,611,730
54,00.54.14,610,282,328,1278,560,718
54,00.54.15,853,418,435,1552,723,829
54,00.54.16,1222,677,545,1907,957,950
54,00.54.17,257,148,109,385,204,181
54,00.54.18,818,673,145,1351,660,691
54,00.54.19,133,77,56,180,94,86
54,00.54.20,934,453,481,1443,695,748
54,00.54.21,274,142,132,434,200,234
54,00.54.22,629,359,270,1047,525,522
54,00.54.23,1042,583,459,1757,851,906
54,00.54.24,411,231,180,605,299,306
54,00.54.25,1214,621,593,2132,1009,1123
54,00.54.26,891,469,422,1457,710,747
54,00.54.27,631,342,289,941,480,461
54,00.54.28,736,428,308,1161,582,579
54,00.54.29,805,446,359,1275,648,627
54,00.54.30,393,227,166,683,353,330
54,00.54.31,217,113,104,323,147,176
54,00.54.32,102,59,43,147,71,76
54,00.54.33,262,143,119,427,234,193
54,00.54.34,512,262,250,756,366,390
55,00.55.01,818,396,422,1273,585,688
55,00.55.02,1298,615,683,2359,1080,1279
55,00.55.03,786,361,425,1287,571,716
55,00.55.04,744,378,366,1250,598,652
55,00.55.05,552,300,252,860,425,435
55,00.55.06,436,227,209,596,303,293
55,00.55.07,592,305,287,870,424,446
55,00.55.08,442,209,233,710,348,362
55,00.55.09,178,83,95,309,164,145
55,00.55.10,1037,558,479,1631,783,848
55,00.55.11,214,113,101,312,168,144
55,00.55.12,942,479,463,1404,675,729
55,00.55.13,273,140,133,456,232,224
55,00.55.14,718,362,356,1197,603,594
55,00.55.15,162,77,85,220,108,112
55,00.55.16,454,235,219,635,308,327
55,00.55.17,502,253,249,783,371,412
55,00.55.18,505,264,241,796,385,411
55,00.55.19,194,104,90,288,150,138
55,00.55.20,681,346,335,1091,562,529
55,00.55.21,311,175,136,427,231,196
55,00.55.22,245,151,94,361,207,154
55,00.55.23,50,26,24,59,31,28
55,00.55.24,82,37,45,93,44,49
55,00.55.25,755,351,404,1224,513,711
55,00.55.26,789,412,377,1257,608,649
55,00.55.27,155,142,13,0,,
56,00.56.01,1024,459,565,1850,822,1028
56,00.56.02,833,365,468,1541,679,862
56,00.56.03,926,442,484,1770,799,971
56,00.56.04,380,190,190,705,334,371
56,00.56.05,860,401,459,1557,750,807
56,00.56.06,941,433,508,1878,863,1015
56,00.56.07,684,325,359,1640,748,892
56,00.56.08,364,184,180,780,358,422
56,00.56.09,87,44,43,204,101,103
56,00.56.10,175,78,97,382,183,199
56,00.56.11,274,144,130,461,237,224
56,00.56.12,677,363,314,1133,580,553
56,00.56.13,529,286,243,859,450,409
56,00.56.14,260,151,109,387,220,167
56,00.56.15,297,183,114,455,239,216
56,00.56.16,740,457,283,1231,673,558
56,00.56.17,312,179,133,521,283,238
56,00.56.18,691,402,289,1036,573,463
56,00.56.19,727,409,318,1261,683,578
56,00.56.20,835,440,395,1407,710,697
56,00.56.21,215,126,89,360,194,166
56,00.56.22,376,195,181,619,334,285
56,00.56.23,225,112,113,342,172,170
56,00.56.24,547,296,251,976,498,478
56,00.56.25,351,182,169,590,300,290
56,00.56.26,384,236,148,544,293,251
56,00.56.27,726,403,323,1179,599,580
56,00.56.28,253,161,92,401,229,172
56,00.56.29,516,290,226,964,508,456
56,00.56.30,592,328,264,1003,530,473
56,00.56.31,924,539,385,1438,794,644
56,00.56.32,370,217,153,573,298,275
56,00.56.33,708,402,306,1189,616,573
56,00.56.34,282,164,118,467,257,210
56,00.56.35,379,206,173,609,317,292
56,00.56.36,463,253,210,682,350,332
56,00.56.37,325,194,131,483,257,226
56,00.56.38,632,342,290,1045,506,539
56,00.56.39,714,429,285,1187,644,543
56,00.56.40,282,181,101,475,266,209
56,00.56.41,601,324,277,930,498,432
56,00.56.42,313,195,118,496,278,218
56,00.56.43,229,136,93,338,182,156
56,00.56.44,609,324,285,854,440,414
56,00.56.45,439,259,180,716,380,336
56,00.56.46,187,99,88,243,128,115
56,00.56.47,301,172,129,516,270,246
56,00.56.48,235,127,108,359,194,165
56,00.56.49,105,59,46,165,91,74
57,00.57.01,544,289,255,1083,537,546
57,00.57.02,575,308,267,1000,499,501
57,00.57.03,833,426,407,1534,711,823
57,00.57.04,902,435,467,1488,699,789
57,00.57.05,1032,550,482,1861,884,977
57,00.57.06,946,454,492,1823,841,982
57,00.57.07,515,252,263,1031,465,566
57,00.57.08,446,265,181,638,334,304
57,00.57.09,212,104,108,313,154,159
57,00.57.10,339,199,140,495,244,251
57,00.57.11,339,179,160,494,256,238
57,00.57.12,474,239,235,673,337,336
57,00.57.13,183,85,98,262,119,143
57,00.57.14,165,90,75,224,114,110
57,00.57.15,289,160,129,397,198,199
57,00.57.16,175,83,92,242,116,126
57,00.57.17,701,381,320,996,497,499
57,00.57.18,379,179,200,494,240,254
57,00.57.19,90,48,42,112,60,52
57,00.57.20,417,224,193,587,292,295
57,00.57.21,545,313,232,811,394,417
57,00.57.22,283,140,143,415,189,226
57,00.57.23,299,156,143,427,208,219
57,00.57.24,123,79,44,191,103,88
57,00.57.25,197,102,95,307,158,149
57,00.57.26,159,85,74,196,95,101
57,00.57.27,260,131,129,366,177,189
57,00.57.28,44,33,11,45,28,17
57,00.57.29,357,195,162,579,297,282
57,00.57.30,86,46,40,122,60,62
57,00.57.31,413,212,201,814,390,424
58,00.58.01,1131,495,636,2017,878,1139
58,00.58.02,737,347,390,1389,608,781
58,00.58.03,1227,542,685,2316,1000,1316
58,00.58.04,1117,489,628,2005,905,1100
58,00.58.05,1087,462,625,2001,842,1159
58,00.58.06,1114,532,582,1950,877,1073
58,00.58.07,614,344,270,1302,704,598
58,00.58.08,717,392,325,1120,555,565
58,00.58.09,305,148,157,519,249,270
58,00.58.10,305,172,133,557,282,275
58,00.58.11,636,316,320,1027,495,532
58,00.58.12,258,150,108,421,202,219
58,00.58.13,236,135,101,336,166,170
58,00.58.14,447,257,190,720,350,370
58,00.58.15,703,385,318,1228,632,596
58,00.58.16,746,394,352,1299,645,654
58,00.58.17,412,226,186,633,318,315
58,00.58.18,458,235,223,823,385,438
58,00.58.19,89,57,32,171,99,72
58,00.58.20,250,156,94,416,207,209
58,00.58.21,144,105,39,189,95,94
58,00.58.22,158,96,62,223,125,98
58,00.58.23,938,503,435,1617,805,812
58,00.58.24,627,358,269,1262,624,638
58,00.58.25,515,291,224,919,476,443
58,00.58.26,666,362,304,1020,477,543
58,00.58.27,314,159,155,531,251,280
58,00.58.28,172,92,80,224,108,116
58,00.58.29,78,36,42,114,55,59
58,00.58.30,200,114,86,323,165,158
58,00.58.31,367,215,152,569,277,292
58,00.58.32,225,111,114,359,176,183
58,00.58.33,145,85,60,222,114,108
58,00.58.34,463,259,204,773,383,390
58,00.58.35,519,291,228,854,412,442
58,00.58.36,664,430,234,1251,598,653
58,00.58.37,546,297,249,877,432,445
58,00.58.38,627,365,262,1051,507,544
58,00.58.39,221,121,100,343,175,168
58,00.58.40,190,101,89,284,133,151
58,00.58.41,69,47,22,105,64,41
58,00.58.42,491,278,213,730,357,373
58,00.58.43,378,181,197,569,253,316
58,00.58.44,714,423,291,1259,639,620
58,00.58.45,369,173,196,877,387,490
58,00.58.46,590,321,269,1068,516,552
58,00.58.47,516,320,196,889,474,415
58,00.58.48,744,393,351,1214,579,635
58,00.58.49,523,292,231,905,432,473
58,00.58.50,480,252,228,748,375,373
58,00.58.51,439,231,208,711,361,350
58,00.58.52,476,274,202,754,403,351
58,00.58.53,625,308,317,1098,489,609
58,00.58.54,321,166,155,457,231,226
58,00.58.55,544,312,232,953,483,470
58,00.58.56,414,254,160,742,389,353
58,00.58.57,484,221,263,872,380,492
58,00.58.58,202,191,11,0,,
59,00.59.01,518,245,273,910,400,510
59,00.59.02,1302,591,711,2576,1127,1449
59,00.59.03,602,297,305,1076,501,575
59,00.59.04,1176,525,651,2385,1060,1325
59,00.59.05,1196,556,640,2416,1096,1320
59,00.59.06,1197,544,653,2122,984,1138
59,00.59.07,1209,569,640,2117,958,1159
59,00.59.08,1535,682,853,2944,1271,1673
59,00.59.09,857,374,483,1411,594,817
59,00.59.10,763,338,425,1214,539,675
59,00.59.11,817,375,442,1408,598,810
59,00.59.12,805,369,436,1386,619,767
59,00.59.13,1527,698,829,2732,1255,1477
59,00.59.14,1219,557,662,2242,1013,1229
59,00.59.15,835,357,478,1382,609,773
59,00.59.16,1460,645,815,2469,1091,1378
59,00.59.17,1603,690,913,2991,1317,1674
59,00.59.18,1119,511,608,2095,938,1157
59,00.59.19,528,216,312,1073,455,618
59,00.59.20,907,434,473,1620,748,872
59,00.59.21,1392,694,698,2499,1147,1352
59,00.59.22,1518,759,759,2800,1280,1520
59,00.59.23,1667,703,964,2811,1179,1632
59,00.59.24,1640,785,855,2954,1330,1624
59,00.59.25,1427,676,751,2591,1140,1451
59,00.59.26,1253,550,703,2195,921,1274
59,00.59.27,1522,691,831,2960,1270,1690
59,00.59.28,956,393,563,1725,721,1004
59,00.59.29,1437,628,809,2747,1161,1586
59,00.59.30,835,355,480,1448,582,866
59,00.59.31,1339,564,775,2626,1085,1541
59,00.59.32,1439,631,808,2817,1234,1583
59,00.59.33,1441,673,768,2887,1245,1642
59,00.59.34,678,279,399,1319,551,768
59,00.59.35,1108,518,590,2217,979,1238
59,00.59.36,1450,647,803,2850,1266,1584
59,00.59.37,1317,591,726,2573,1140,1433
59,00.59.38,1258,605,653,2499,1256,1243
59,00.59.39,585,267,318,977,456,521
59,00.59.40,1106,537,569,2158,983,1175
59,00.59.41,1485,669,816,2788,1237,1551
59,00.59.42,1558,716,842,2714,1237,1477
59,00.59.43,1222,555,667,2629,1143,1486
59,00.59.44,1419,682,737,2704,1187,1517
59,00.59.45,1152,504,648,2303,1000,1303
59,00.59.46,832,427,405,1630,703,927
59,00.59.47,1269,589,680,2560,1145,1415
59,00.59.48,1015,476,539,2162,957,1205
59,00.59.49,1098,504,594,2350,1044,1306
59,00.59.50,536,248,288,1067,457,610
59,00.59.51,626,278,348,1236,534,702
59,00.59.52,1294,619,675,2545,1130,1415
59,00.59.53,1260,553,707,2508,1079,1429
59,00.59.54,1258,622,636,2419,1079,1340
59,00.59.55,1055,485,570,2057,902,1155
59,00.59.56,1211,569,642,2371,1040,1331
59,00.59.57,1478,653,825,2789,1208,1581
59,00.59.58,1242,539,703,2338,1022,1316
59,00.59.59,1379,610,769,2698,1178,1520
59,00.59.60,1358,586,772,2640,1163,1477
59,00.59.61,980,419,561,1981,859,1122
59,00.59.62,1327,620,707,2544,1119,1425
59,00.59.63,1419,647,772,2460,1068,1392
59,00.59.64,1177,549,628,2214,990,1224
59,00.59.65,1291,610,681,2344,1036,1308
59,00.59.66,844,380,464,1457,635,822
59,00.59.67,812,403,409,1469,686,783
59,00.59.68,762,309,453,1423,574,849
59,00.59.69,556,259,297,1094,481,613
59,00.59.70,762,318,444,1424,606,818
59,00.59.71,811,381,430,1366,649,717
59,00.59.72,211,191,20,0,,
60,00.60.01,833,376,457,1293,586,707
60,00.60.02,1406,618,788,2282,1064,1218
60,00.60.03,1217,529,688,2033,886,1147
60,00.60.04,635,302,333,1007,440,567
60,00.60.05,1373,575,798,2363,1012,1351
60,00.60.06,1333,637,696,1942,879,1063
60,00.60.07,1202,538,664,2121,936,1185
60,00.60.08,1389,808,581,2465,1257,1208
60,00.60.09,1176,665,511,1831,928,903
60,00.60.10,523,263,260,723,334,389
60,00.60.11,232,111,121,341,154,187
60,00.60.12,1195,669,526,1982,1030,952
60,00.60.13,566,328,238,961,492,469
60,00.60.14,585,309,276,879,443,436
60,00.60.15,814,426,388,1246,621,625
60,00.60.16,562,289,273,800,399,401
60,00.60.17,850,416,434,1386,654,732
60,00.60.18,1064,598,466,1796,877,919
60,00.60.19,655,297,358,973,467,506
60,00.60.20,658,359,299,945,451,494
60,00.60.21,631,324,307,1045,501,544
60,00.60.22,430,227,203,696,338,358
60,00.60.23,701,394,307,1149,582,567
60,00.60.24,1292,646,646,1976,952,1024
60,00.60.25,975,547,428,1464,731,733
60,00.60.26,744,394,350,1130,558,572
60,00.60.27,1154,486,668,2074,1038,1036
60,00.60.28,382,205,177,642,307,335
60,00.60.29,475,257,218,653,336,317
60,00.60.30,531,271,260,818,392,426
60,00.60.31,656,339,317,1151,572,579
60,00.60.32,642,377,265,1086,564,522
60,00.60.33,808,439,369,1325,668,657
60,00.60.34,521,296,225,802,417,385
60,00.60.35,1151,579,572,1918,892,1026
60,00.60.36,352,181,171,519,255,264
60,00.60.37,704,430,274,1312,677,635
60,00.60.38,917,560,357,1395,710,685
60,00.60.39,859,434,425,1437,694,743
60,00.60.40,918,509,409,1380,683,697
60,00.60.41,519,279,240,767,394,373
60,00.60.42,558,303,255,926,465,461
60,00.60.43,487,213,274,783,337,446
60,00.60.44,331,226,105,651,347,304
60,00.60.45,1041,612,429,1820,905,915
60,00.60.46,127,107,20,0,,
61,00.61.01,797,397,400,1381,644,737
61,00.61.02,1287,634,653,2330,1043,1287
61,00.61.03,1165,553,612,2106,964,1142
61,00.61.04,599,327,272,956,479,477
61,00.61.05,241,138,103,375,202,173
61,00.61.06,577,296,281,810,402,408
61,00.61.07,574,320,254,910,442,468
61,00.61.08,784,456,328,1187,592,595
61,00.61.09,497,306,191,811,415,396
61,00.61.10,446,225,221,693,357,336
61,00.61.11,881,442,439,1387,683,704
61,00.61.12,486,252,234,758,382,376
61,00.61.13,353,179,174,533,269,264
61,00.61.14,509,252,257,806,385,421
61,00.61.15,211,93,118,323,162,161
61,00.61.16,231,117,114,359,183,176
61,00.61.17,330,165,165,480,226,254
61,00.61.18,385,220,165,627,333,294
61,00.61.19,458,231,227,829,393,436
61,00.61.20,663,357,306,1154,542,612
61,00.61.21,751,467,284,1326,682,644
61,00.61.22,585,299,286,918,432,486
61,00.61.23,862,448,414,1480,720,760
61,00.61.24,834,477,357,1322,672,650
61,00.61.25,261,143,118,459,234,225
61,00.61.26,174,84,90,286,144,142
61,00.61.27,339,196,143,572,296,276
61,00.61.28,297,179,118,483,270,213
61,00.61.29,222,125,97,341,171,170
61,00.61.30,388,215,173,624,299,325
61,00.61.31,362,182,180,628,325,303
62,00.62.01,1166,565,601,1705,792,913
62,00.62.02,456,236,220,661,325,336
62,00.62.03,302,175,127,470,241,229
62,00.62.04,450,255,195,767,380,387
62,00.62.05,409,221,188,551,276,275
62,00.62.06,573,327,246,849,419,430
62,00.62.07,372,206,166,627,312,315
62,00.62.08,76,39,37,101,46,55
62,00.62.09,227,116,111,376,185,191
62,00.62.10,249,130,119,328,171,157
62,00.62.11,174,100,74,250,140,110
62,00.62.12,151,87,64,213,112,101
62,00.62.13,194,107,87,283,149,134
62,00.62.14,178,98,80,248,134,114
62,00.62.15,656,359,297,916,460,456
62,00.62.16,569,299,270,804,391,413
62,00.62.17,170,110,60,228,124,104
62,00.62.18,151,52,99,195,90,105
62,00.62.19,172,98,74,309,151,158
62,00.62.20,212,110,102,295,153,142
62,00.62.21,243,136,107,320,165,155
62,00.62.22,383,218,165,638,332,306
62,00.62.23,494,256,238,687,338,349
62,00.62.24,391,210,181,517,264,253
62,00.62.25,549,309,240,878,431,447
62,00.62.26,404,188,216,520,256,264
62,00.62.27,443,216,227,661,314,347
62,00.62.28,127,63,64,184,85,99
62,00.62.29,621,338,283,899,456,443
62,00.62.30,250,143,107,409,214,195
62,00.62.31,587,313,274,949,465,484
62,00.62.32,92,44,48,124,60,64
62,00.62.33,262,144,118,404,192,212
63,00.63.01,1173,543,630,1942,858,1084
63,00.63.02,1000,505,495,1635,749,886
63,00.63.03,849,424,425,1355,638,717
63,00.63.04,374,207,167,523,281,242
63,00.63.05,676,362,314,973,503,470
63,00.63.06,519,307,212,765,395,370
63,00.63.07,931,450,481,1486,693,793
63,00.63.08,557,305,252,867,437,430
63,00.63.09,666,308,358,1106,532,574
63,00.63.10,374,197,177,547,276,271
63,00.63.11,825,447,378,1300,645,655
63,00.63.12,739,393,346,1107,575,532
63,00.63.13,453,254,199,715,372,343
63,00.63.14,571,316,255,957,460,497
63,00.63.15,444,240,204,659,328,331
63,00.63.16,618,318,300,914,448,466
63,00.63.17,604,327,277,930,461,469
63,00.63.18,470,251,219,685,362,323
63,00.63.19,154,31,123,485,235,250
63,00.63.20,504,274,230,776,372,404
64,00.64.01,1090,478,612,1931,851,1080
64,00.64.02,560,273,287,926,416,510
64,00.64.03,579,283,296,986,447,539
64,00.64.04,569,266,303,964,424,540
64,00.64.05,520,235,285,1021,440,581
64,00.64.06,298,152,146,527,245,282
64,00.64.07,773,409,364,1249,576,673
64,00.64.08,776,390,386,1391,650,741
64,00.64.09,757,375,382,1365,652,713
64,00.64.10,686,344,342,1193,535,658
64,00.64.11,389,181,208,727,319,408
64,00.64.12,727,347,380,1311,593,718
64,00.64.13,747,365,382,1463,684,779
64,00.64.14,1204,575,629,2287,1014,1273
64,00.64.15,1340,645,695,2530,1160,1370
64,00.64.16,1133,564,569,2174,994,1180
64,00.64.17,793,450,343,1296,654,642
64,00.64.18,556,304,252,810,395,415
64,00.64.19,333,197,136,508,267,241
64,00.64.20,647,357,290,962,500,462
64,00.64.21,319,180,139,458,227,231
64,00.64.22,816,441,375,1349,638,711
64,00.64.23,333,185,148,507,251,256
64,00.64.24,455,242,213,642,312,330
64,00.64.25,122,64,58,197,98,99
64,00.64.26,625,344,281,955,480,475
64,00.64.27,1105,623,482,1929,933,996
64,00.64.28,645,340,305,1072,532,540
64,00.64.29,422,221,201,586,288,298
64,00.64.30,372,214,158,567,283,284
64,00.64.31,379,200,179,647,309,338
64,00.64.32,822,432,390,1342,654,688
64,00.64.33,440,245,195,755,368,387
64,00.64.34,403,200,203,608,284,324
64,00.64.35,327,176,151,508,260,248
64,00.64.36,265,161,104,418,227,191
65,00.65.01,943,483,460,1526,753,773
65,00.65.02,1028,517,511,1652,754,898
65,00.65.03,856,444,412,1268,626,642
65,00.65.04,628,317,311,1016,475,541
65,00.65.05,345,191,154,568,275,293
65,00.65.06,671,371,300,1036,558,478
65,00.65.07,384,220,164,593,306,287
65,00.65.08,360,178,182,539,257,282
65,00.65.09,615,314,301,977,486,491
65,00.65.10,544,284,260,814,403,411
65,00.65.11,498,256,242,690,340,350
65,00.65.12,506,297,209,700,369,331
65,00.65.13,798,403,395,1269,623,646
65,00.65.14,481,272,209,757,409,348
65,00.65.15,399,190,209,532,269,263
65,00.65.16,316,162,154,360,186,174
65,00.65.17,410,211,199,727,351,376
65,00.65.18,510,280,230,847,434,413
65,00.65.19,550,281,269,824,410,414
65,00.65.20,323,181,142,479,256,223
65,00.65.21,723,402,321,1174,602,572
65,00.65.22,413,215,198,607,306,301
65,00.65.23,321,196,125,455,242,213
65,00.65.24,231,156,75,367,202,165
65,00.65.25,577,346,231,868,447,421
65,00.65.26,842,436,406,1377,693,684
65,00.65.27,536,293,243,886,458,428
65,00.65.28,479,279,200,696,357,339
65,00.65.29,469,248,221,700,352,348
65,00.65.30,699,359,340,1096,536,560
65,00.65.31,470,244,226,662,320,342
65,00.65.32,735,413,322,1271,647,624
65,00.65.33,760,439,321,1221,625,596
65,00.65.34,736,377,359,980,476,504
65,00.65.35,788,425,363,1288,659,629
66,00.66.01,1318,584,734,2322,1019,1303
66,00.66.02,1138,595,543,1962,932,1030
66,00.66.03,1431,740,691,2386,1169,1217
66,00.66.04,858,466,392,1406,722,684
66,00.66.05,673,406,267,1137,596,541
66,00.66.06,395,196,199,566,278,288
66,00.66.07,979,568,411,1592,808,784
66,00.66.08,417,231,186,743,366,377
66,00.66.09,292,151,141,461,232,229
66,00.66.10,490,344,146,840,415,425
66,00.66.11,1112,587,525,1989,988,1001
66,00.66.12,424,211,213,587,287,300
66,00.66.13,934,508,426,1409,693,716
66,00.66.14,261,143,118,382,208,174
66,00.66.15,1168,633,535,1883,944,939
66,00.66.16,227,140,87,329,188,141
66,00.66.17,327,185,142,420,223,197
66,00.66.18,430,223,207,572,264,308
66,00.66.19,811,448,363,1436,708,728
66,00.66.20,356,180,176,538,274,264
66,00.66.21,923,500,423,1605,823,782
66,00.66.22,167,82,85,239,115,124
66,00.66.23,689,405,284,1098,570,528
66,00.66.24,389,227,162,598,313,285
67,00.67.01,1060,470,590,1925,860,1065
67,00.67.02,1030,494,536,2216,1019,1197
67,00.67.03,609,369,240,1095,496,599
67,00.67.04,335,169,166,566,255,311
67,00.67.05,782,364,418,1850,842,1008
67,00.67.06,1244,561,683,2994,1419,1575
67,00.67.07,1203,501,702,2554,1109,1445
67,00.67.08,1092,498,594,2253,1037,1216
67,00.67.09,1168,558,610,2308,1070,1238
67,00.67.10,1044,509,535,2085,918,1167
67,00.67.11,1028,470,558,2201,961,1240
67,00.67.12,1274,574,700,2705,1210,1495
67,00.67.13,756,369,387,1448,662,786
67,00.67.14,683,337,346,1440,656,784
67,00.67.15,1032,516,516,2356,1058,1298
67,00.67.16,1202,576,626,2628,1179,1449
67,00.67.17,1222,593,629,2763,1250,1513
67,00.67.18,898,386,512,2797,1183,1614
67,00.67.19,606,321,285,1210,550,660
67,00.67.20,1060,478,582,2413,1067,1346
67,00.67.21,901,400,501,2009,908,1101
67,00.67.22,598,309,289,2174,983,1191
67,00.67.23,1273,595,678,3060,1420,1640
67,00.67.24,883,384,499,2413,1083,1330
67,00.67.25,694,377,317,1180,599,581
67,00.67.26,520,281,239,1103,520,583
67,00.67.27,280,145,135,551,260,291
67,00.67.28,998,535,463,2425,1158,1267
67,00.67.29,647,310,337,1287,638,649
67,00.67.30,945,505,440,2011,968,1043
67,00.67.31,644,346,298,1229,613,616
67,00.67.32,447,247,200,1019,484,535
67,00.67.33,297,179,118,535,270,265
67,00.67.34,328,193,135,524,278,246
67,00.67.35,1137,617,520,2423,1152,1271
67,00.67.36,330,176,154,611,297,314
67,00.67.37,493,271,222,915,448,467
67,00.67.38,637,349,288,1041,526,515
67,00.67.39,602,347,255,1061,516,545
67,00.67.40,1100,592,508,2630,1271,1359
67,00.67.41,1148,579,569,2443,1153,1290
67,00.67.42,1073,553,520,2523,1221,1302
67,00.67.43,782,444,338,1558,744,814
67,00.67.44,811,422,389,1675,829,846
67,00.67.45,1061,541,520,1896,922,974
67,00.67.46,721,387,334,1372,648,724
67,00.67.47,791,424,367,1391,691,700
67,00.67.48,728,396,332,1427,712,715
67,00.67.49,457,263,194,937,479,458
67,00.67.50,637,349,288,1435,738,697
67,00.67.51,561,297,264,1215,584,631
67,00.67.52,677,403,274,1125,577,548
67,00.67.53,840,452,388,1757,885,872
67,00.67.54,1014,519,495,1975,969,1006
67,00.67.55,985,491,494,2678,1309,1369
67,00.67.56,244,120,124,596,283,313
67,00.67.57,537,240,297,1412,631,781
67,00.67.58,435,231,204,737,362,375
67,00.67.59,732,379,353,1284,637,647
67,00.67.60,887,485,402,1809,891,918
67,00.67.61,541,291,250,931,462,469
67,00.67.62,411,207,204,930,437,493
67,00.67.63,746,390,356,1696,824,872
67,00.67.64,461,246,215,896,427,469
67,00.67.65,909,515,394,1734,850,884
67,00.67.66,626,319,307,1155,567,588
67,00.67.67,748,397,351,1493,708,785
67,00.67.68,837,419,418,1865,851,1014
67,00.67.69,729,388,341,1407,686,721
67,00.67.70,887,480,407,1608,814,794
68,00.68.01,835,390,445,1317,591,726
68,00.68.02,729,367,362,1130,554,576
68,00.68.03,1509,757,752,2486,1159,1327
68,00.68.04,248,116,132,420,191,229
68,00.68.05,569,297,272,979,472,507
68,00.68.06,896,466,430,2218,1082,1136
68,00.68.07,814,385,429,2137,949,1188
68,00.68.08,472,252,220,694,336,358
68,00.68.09,745,427,318,1405,702,703
68,00.68.10,622,322,300,1168,577,591
68,00.68.11,354,187,167,545,260,285
68,00.68.12,533,301,232,750,377,373
68,00.68.13,330,130,200,609,313,296
68,00.68.14,882,499,383,1269,608,661
68,00.68.15,798,452,346,1205,631,574
68,00.68.16,1011,563,448,1631,853,778
68,00.68.17,728,402,326,2183,1077,1106
68,00.68.18,391,216,175,616,317,299
68,00.68.19,585,315,270,1122,580,542
68,00.68.20,171,83,88,537,265,272
68,00.68.21,1205,663,542,1896,942,954
68,00.68.22,722,374,348,1230,592,638
69,00.69.01,1093,534,559,1796,814,982
69,00.69.02,1076,595,481,1716,836,880
69,00.69.03,1009,562,447,1487,784,703
69,00.69.04,642,340,302,970,480,490
69,00.69.05,380,217,163,525,269,256
69,00.69.06,1043,542,501,1531,761,770
69,00.69.07,1061,576,485,1721,839,882
69,00.69.08,793,436,357,1230,652,578
69,00.69.09,726,397,329,1069,535,534
69,00.69.10,1263,655,608,1789,890,899
69,00.69.11,241,146,95,323,172,151
69,00.69.12,923,509,414,1440,744,696
69,00.69.13,836,433,403,1363,683,680
69,00.69.14,845,504,341,1332,680,652
69,00.69.15,1103,553,550,1655,795,860
69,00.69.16,585,311,274,882,452,430
70,00.70.01,789,354,435,1383,617,766
70,00.70.02,1309,652,657,2171,1006,1165
70,00.70.03,1314,684,630,2282,1089,1193
70,00.70.04,1257,620,637,2193,1035,1158
70,00.70.05,828,424,404,1413,654,759
70,00.70.06,1000,514,486,1980,945,1035
70,00.70.07,885,458,427,1426,658,768
70,00.70.08,748,339,409,1258,574,684
70,00.70.09,891,448,443,1414,657,757
70,00.70.10,767,401,366,1411,652,759
70,00.70.11,762,357,405,1409,631,778
70,00.70.12,1409,654,755,2350,1050,1300
70,00.70.13,808,356,452,1408,642,766
70,00.70.14,867,361,506,1578,694,884
70,00.70.15,791,415,376,1460,645,815
70,00.70.16,1375,712,663,2586,1192,1394
70,00.70.17,655,333,322,1226,591,635
70,00.70.18,929,477,452,1753,827,926
70,00.70.19,791,394,397,1418,670,748
70,00.70.20,651,329,322,1304,611,693
70,00.70.21,732,363,369,1506,717,789
70,00.70.22,1289,585,704,2398,1092,1306
70,00.70.23,1259,577,682,3185,1451,1734
79,00.79.01,1101,487,614,1918,842,1076
79,00.79.02,1432,576,856,2449,1065,1384
79,00.79.03,1577,640,937,2714,1139,1575
79,00.79.04,1615,689,926,2982,1286,1696
79,00.79.05,1625,696,929,2719,1185,1534
79,00.79.06,932,416,516,1441,644,797
79,00.79.07,1429,617,812,2351,1028,1323
79,00.79.08,1649,705,944,2681,1162,1519
79,00.79.09,1018,415,603,1564,670,894
79,00.79.10,1144,494,650,1813,783,1030
79,00.79.11,1060,460,600,1727,750,977
79,00.79.12,1113,454,659,1716,718,998
79,00.79.13,1079,441,638,1685,715,970
79,00.79.14,1008,422,586,1582,671,911
79,00.79.15,951,385,566,1573,677,896
79,00.79.16,1096,490,606,1702,771,931
79,00.79.17,974,421,553,1620,717,903
79,00.79.18,870,380,490,1428,613,815
79,00.79.19,1194,518,676,2031,857,1174
79,00.79.20,902,399,503,1609,697,912
79,00.79.21,999,456,543,1673,778,895
79,00.79.22,1125,498,627,1680,743,937
79,00.79.23,1234,566,668,1883,867,1016
79,00.79.24,1633,683,950,3043,1370,1673
79,00.79.25,888,422,466,1404,671,733
79,00.79.26,1037,467,570,1710,767,943
79,00.79.27,880,427,453,1492,693,799
79,00.79.28,1014,445,569,1667,722,945
79,00.79.29,1051,455,596,1849,797,1052
79,00.79.30,1096,495,601,1734,769,965
79,00.79.31,1003,435,568,1876,842,1034
79,00.79.32,1643,714,929,2853,1269,1584
79,00.79.33,984,420,564,1603,700,903
79,00.79.34,899,396,503,1403,637,766
79,00.79.35,947,398,549,1589,680,909
79,00.79.36,789,375,414,1373,637,736
79,00.79.37,910,411,499,1522,688,834
79,00.79.38,1136,509,627,1738,770,968
79,00.79.39,867,377,490,1482,646,836
79,00.79.40,1013,473,540,1646,777,869
79,00.79.41,972,431,541,1520,653,867
79,00.79.42,1101,492,609,1873,817,1056
79,00.79.43,1526,703,823,2827,1282,1545
79,00.79.44,957,459,498,1609,710,899
79,00.79.45,1060,496,564,1617,745,872
79,00.79.46,1230,546,684,2868,1306,1562
79,00.79.47,1045,469,576,1810,802,1008
79,00.79.48,1068,480,588,1589,706,883
79,00.79.49,1256,592,664,2142,965,1177
79,00.79.50,1320,600,720,2197,1003,1194
79,00.79.51,1639,744,895,2907,1259,1648
79,00.79.52,876,446,430,1381,666,715
79,00.79.53,904,436,468,1358,632,726
79,00.79.54,1061,550,511,1573,788,785
79,00.79.55,832,416,416,1410,659,751
79,00.79.56,885,435,450,1525,731,794
79,00.79.57,990,555,435,1551,816,735
79,00.79.58,755,368,387,1230,601,629
79,00.79.59,890,463,427,1409,681,728
79,00.79.60,967,520,447,1465,717,748
79,00.79.61,656,324,332,1046,476,570
79,00.79.62,963,510,453,1584,773,811
79,00.79.63,907,466,441,1424,682,742
79,00.79.64,806,376,430,1395,651,744
79,00.79.65,543,312,231,802,398,404
79,00.79.66,1610,798,812,2602,1205,1397
79,00.79.67,1039,452,587,1581,698,883
79,00.79.68,1030,438,592,1556,693,863
79,00.79.69,1089,473,616,1772,746,1026
79,00.79.70,1076,494,582,1762,790,972
79,00.79.71,1037,454,583,1678,748,930
79,00.79.72,864,419,445,1504,680,824
79,00.79.73,975,464,511,1647,776,871
79,00.79.74,862,379,483,1526,684,842
79,00.79.75,969,426,543,1550,688,862
79,00.79.76,937,401,536,1521,651,870
79,00.79.77,1068,514,554,1701,795,906
79,00.79.78,756,367,389,1197,583,614
79,00.79.79,685,292,393,1183,503,680
79,00.79.80,870,402,468,1409,650,759
79,00.79.81,787,395,392,1171,565,606
79,00.79.82,900,493,407,1432,741,691
79,00.79.83,689,340,349,1049,518,531
79,00.79.84,963,482,481,1508,738,770
79,00.79.85,1111,614,497,1681,856,825
79,00.79.86,1112,563,549,1538,740,798
79,00.79.87,1032,496,536,1553,741,812
79,00.79.88,782,397,385,1223,588,635
79,00.79.89,1853,793,1060,2376,1051,1325
79,00.79.90,51,38,13,0,,
80,00.80.01,1043,523,520,1332,617,715
80,00.80.02,666,365,301,854,426,428
80,00.80.03,246,142,104,299,167,132
80,00.80.04,393,198,195,502,242,260
80,00.80.05,207,90,117,266,140,126
80,00.80.06,303,181,122,410,210,200
80,00.80.07,462,252,210,630,312,318
80,00.80.08,232,132,100,298,158,140
80,00.80.09,410,233,177,583,308,275
80,00.80.10,287,153,134,369,187,182
80,00.80.11,301,171,130,403,213,190
80,00.80.12,346,182,164,442,227,215
80,00.80.13,531,299,232,702,356,346
80,00.80.14,401,232,169,577,305,272
80,00.80.15,526,285,241,739,367,372
80,00.80.16,381,194,187,563,270,293
80,00.80.17,665,365,300,859,446,413
80,00.80.18,158,90,68,187,107,80
80,00.80.19,361,209,152,469,247,222
80,00.80.20,227,122,105,276,144,132
80,00.80.21,386,197,189,484,238,246
80,00.80.22,358,211,147,443,235,208
80,00.80.23,173,95,78,221,119,102
80,00.80.24,389,220,169,514,268,246
80,00.80.25,372,197,175,494,253,241
80,00.80.26,200,29,171,525,273,252
80,00.80.27,302,183,119,404,203,201
80,00.80.28,947,539,408,1233,612,621
80,00.80.29,353,194,159,503,251,252
81,00.81.01,591,277,314,834,366,468
81,00.81.02,583,252,331,1013,438,575
81,00.81.03,641,307,334,1125,540,585
81,00.81.04,538,269,269,896,407,489
81,00.81.05,1352,630,722,2258,1007,1251
81,00.81.06,437,196,241,650,292,358
81,00.81.07,995,458,537,1698,741,957
81,00.81.08,746,331,415,1206,532,674
81,00.81.09,524,242,282,816,373,443
81,00.81.10,809,368,441,1283,585,698
81,00.81.11,873,437,436,1358,624,734
81,00.81.12,707,368,339,1045,497,548
81,00.81.13,234,123,111,328,176,152
81,00.81.14,1193,644,549,1951,949,1002
81,00.81.15,1061,566,495,1536,798,738
81,00.81.16,712,391,321,1027,519,508
81,00.81.17,882,499,383,1274,663,611
81,00.81.18,361,214,147,562,303,259
81,00.81.19,486,241,245,702,355,347
81,00.81.20,570,328,242,845,425,420
81,00.81.21,767,447,320,1112,582,530
81,00.81.22,1239,727,512,2319,1175,1144
81,00.81.23,393,242,151,592,320,272
81,00.81.24,818,442,376,1262,643,619
81,00.81.25,800,443,357,1211,611,600
81,00.81.26,155,89,66,206,109,97
81,00.81.27,390,193,197,1273,630,643
81,00.81.28,701,378,323,1149,571,578
81,00.81.29,534,299,235,843,437,406
81,00.81.30,663,347,316,1109,524,585
81,00.81.31,889,456,433,1376,706,670
81,00.81.32,1149,704,445,1930,1006,924
81,00.81.33,958,526,432,1514,775,739
81,00.81.34,298,174,124,478,256,222
81,00.81.35,741,421,320,1286,672,614
81,00.81.36,1136,668,468,2023,1043,980
81,00.81.37,1027,600,427,1719,895,824
81,00.81.38,332,209,123,535,284,251
81,00.81.39,366,213,153,599,295,304
81,00.81.40,481,284,197,786,406,380
81,00.81.41,581,331,250,955,468,487
81,00.81.42,1235,614,621,2082,967,1115
81,00.81.43,1061,602,459,1888,958,930
81,00.81.44,891,569,322,1286,691,595
81,00.81.45,427,258,169,645,327,318
81,00.81.46,753,408,345,1212,657,555
81,00.81.47,435,236,199,655,335,320
81,00.81.48,523,295,228,976,480,496
81,00.81.49,520,315,205,892,457,435
81,00.81.50,1027,547,480,1488,793,695
81,00.81.51,703,412,291,1065,533,532
81,00.81.52,853,488,365,1416,724,692
81,00.81.53,602,352,250,925,478,447
81,00.81.54,793,478,315,1416,746,670
81,00.81.55,911,507,404,1401,710,691
81,00.81.56,811,478,333,1299,659,640
81,00.81.57,581,317,264,905,452,453
82,00.82.01,685,363,322,1023,486,537
82,00.82.02,127,64,63,217,116,101
82,00.82.03,239,119,120,323,157,166
82,00.82.04,250,133,117,415,221,194
82,00.82.05,305,184,121,463,241,222
82,00.82.06,237,139,98,380,212,168
82,00.82.07,106,55,51,163,86,77
82,00.82.08,73,37,36,110,56,54
82,00.82.09,220,126,94,326,162,164
82,00.82.10,240,129,111,320,173,147
82,00.82.11,94,50,44,129,63,66
82,00.82.12,138,77,61,200,101,99
82,00.82.13,118,63,55,155,74,81
82,00.82.14,395,221,174,598,303,295
82,00.82.15,424,248,176,644,330,314
82,00.82.16,436,245,191,614,321,293
82,00.82.17,295,165,130,423,216,207
82,00.82.18,138,63,75,182,82,100
82,00.82.19,83,38,45,96,41,55
82,00.82.20,227,121,106,336,165,171
82,00.82.21,157,80,77,206,98,108
82,00.82.22,90,42,48,123,62,61
82,00.82.23,313,186,127,443,233,210
82,00.82.24,139,77,62,184,94,90
82,00.82.25,174,98,76,255,141,114
82,00.82.26,150,85,65,228,112,116
82,00.82.27,168,93,75,243,126,117
82,00.82.28,317,184,133,462,241,221
82,00.82.29,199,104,95,260,136,124
82,00.82.30,149,96,53,193,96,97
82,00.82.31,220,122,98,300,153,147
82,00.82.32,131,73,58,182,93,89
82,00.82.33,87,56,31,138,77,61
82,00.82.34,156,80,76,239,123,116
82,00.82.35,0,0,0,177,89,88
82,00.82.36,152,96,56,283,148,135
82,00.82.37,135,95,40,247,125,122
82,00.82.38,273,136,137,417,205,212
82,00.82.39,281,145,136,461,238,223
82,00.82.40,178,106,72,258,132,126
82,00.82.41,217,118,99,349,172,177
82,00.82.42,241,143,98,365,187,178
82,00.82.43,271,155,116,394,194,200
82,00.82.44,140,78,62,159,85,74
82,00.82.45,179,96,83,270,130,140
82,00.82.46,134,81,53,196,96,100
82,00.82.47,162,81,81,213,107,106
82,00.82.48,74,42,32,92,51,41
83,00.83.01,835,424,411,1251,636,615
83,00.83.02,670,369,301,1009,494,515
83,00.83.03,924,489,435,1341,661,680
83,00.83.04,320,170,150,487,259,228
83,00.83.05,1444,800,644,2206,1159,1047
83,00.83.06,541,297,244,763,408,355
83,00.83.07,924,472,452,1458,730,728
83,00.83.08,556,319,237,832,419,413
83,00.83.09,379,212,167,573,292,281
83,00.83.10,810,491,319,1277,675,602
83,00.83.11,742,393,349,1167,619,548
83,00.83.12,754,437,317,1277,649,628
83,00.83.13,863,488,375,1389,706,683
83,00.83.14,729,416,313,1131,600,531
83,00.83.15,779,465,314,1261,666,595
83,00.83.16,1358,771,587,2440,1258,1182
83,00.83.17,1047,582,465,1774,901,873
83,00.83.18,641,383,258,1158,602,556
83,00.83.19,638,365,273,1056,559,497
83,00.83.20,586,315,271,931,468,463
83,00.83.21,868,448,420,1436,742,694
83,00.83.22,356,184,172,539,280,259
83,00.83.23,290,151,139,431,206,225
83,00.83.24,612,348,264,726,369,357
83,00.83.25,853,506,347,1195,680,515
83,00.83.26,892,513,379,1270,656,614
83,00.83.27,1035,583,452,1442,704,738
83,00.83.28,789,427,362,1163,590,573
83,00.83.29,646,380,266,1001,530,471
83,00.83.30,1347,766,581,1875,963,912
83,00.83.31,551,312,239,826,438,388
83,00.83.32,876,517,359,1431,743,688
83,00.83.33,190,106,84,266,147,119
83,00.83.34,890,466,424,1300,681,619
83,00.83.35,410,215,195,628,320,308
83,00.83.36,349,274,75,536,268,268
83,00.83.37,258,142,116,339,176,163
83,00.83.38,325,183,142,497,260,237
83,00.83.39,256,131,125,328,168,160
83,00.83.40,598,348,250,752,383,369
83,00.83.41,369,187,182,509,258,251
84,00.84.01,1139,557,582,1614,725,889
84,00.84.02,286,160,126,475,234,241
84,00.84.03,221,125,96,365,176,189
84,00.84.04,588,336,252,875,455,420
84,00.84.05,331,178,153,531,262,269
84,00.84.06,232,144,88,370,197,173
84,00.84.07,364,192,172,606,298,308
84,00.84.08,296,160,136,440,223,217
84,00.84.09,299,172,127,424,225,199
84,00.84.10,432,251,181,637,342,295
84,00.84.11,673,395,278,963,488,475
84,00.84.12,248,146,102,352,184,168
84,00.84.13,345,193,152,555,280,275
84,00.84.14,207,120,87,342,173,169
84,00.84.15,242,128,114,352,165,187
84,00.84.16,393,230,163,634,325,309
84,00.84.17,775,417,358,1101,540,561
84,00.84.18,555,315,240,753,374,379
84,00.84.19,144,79,65,213,101,112
84,00.84.20,192,95,97,295,139,156
84,00.84.21,115,68,47,236,127,109
84,00.84.22,343,217,126,717,394,323
84,00.84.23,395,222,173,554,277,277
84,00.84.24,253,122,131,400,193,207
84,00.84.25,276,142,134,451,233,218
84,00.84.26,275,161,114,428,222,206
84,00.84.27,137,84,53,307,153,154
84,00.84.28,144,82,62,235,119,116
84,00.84.29,147,84,63,205,107,98
84,00.84.30,290,171,119,478,263,215
84,00.84.31,364,201,163,595,297,298
84,00.84.32,188,96,92,325,166,159
84,00.84.33,93,52,41,162,88,74
84,00.84.34,151,82,69,246,123,123
84,00.84.35,262,151,111,419,213,206
84,00.84.36,235,134,101,406,193,213
84,00.84.37,124,63,61,219,97,122
84,00.84.38,259,153,106,432,225,207
84,00.84.39,283,156,127,496,244,252
84,00.84.40,336,202,134,535,264,271
84,00.84.41,320,177,143,583,302,281
84,00.84.42,76,46,30,150,75,75
84,00.84.43,88,49,39,199,112,87
84,00.84.44,183,109,74,290,149,141
84,00.84.45,205,114,91,261,134,127
84,00.84.46,80,39,41,122,60,62
84,00.84.47,61,35,26,115,63,52
84,00.84.48,238,130,108,387,184,203
84,00.84.49,262,150,112,354,183,171
84,00.84.50,180,109,71,285,145,140
84,00.84.51,106,56,50,165,80,85
84,00.84.52,202,105,97,265,131,134
84,00.84.53,182,96,86,302,152,150
